128
558
0 1 0.91
0 2 0.45
0 43 0.82
0 56 0.61
0 4 0.75
0 8 0.73
0 16 0.13
0 32 0.09
0 64 0.69
1 42 0.28
1 3 0.06
1 5 0.25
1 9 0.43
1 17 0.45
1 33 0.4
1 65 0.87
2 3 0.93
2 6 0.68
2 8 0.4
2 10 0.27
2 18 0.29
2 34 0.79
2 66 0.74
3 4 0.49
3 9 0.91
3 10 0.33
3 11 0.78
3 36 0.74
3 7 0.26
3 19 0.15
3 35 0.43
3 67 0.53
4 5 0.69
4 12 0.65
4 20 0.79
4 22 0.48
4 6 0.97
4 36 0.09
4 68 0.43
5 7 0.16
5 13 0.19
5 15 0.76
5 19 0.3
5 63 0.84
5 92 0.73
5 21 0.21
5 37 0.83
5 69 0.67
6 14 0.21
6 41 0.39
6 119 0.18
6 7 0.57
6 22 0.26
6 38 0.39
6 70 0.26
7 28 0.72
7 107 0.29
7 15 0.33
7 23 0.01
7 39 0.67
7 71 0.29
8 53 0.61
8 93 0.05
8 9 0.97
8 10 0.6
8 12 0.37
8 24 0.26
8 40 0.93
8 72 0.51
9 18 0.74
9 11 0.27
9 13 0.45
9 25 0.18
9 41 0.55
9 73 0.91
10 16 0.4
10 21 0.86
10 37 0.01
10 47 0.78
10 123 0.28
10 11 0.93
10 14 0.42
10 26 0.86
10 42 0.87
10 74 0.27
11 26 0.48
11 33 0.96
11 100 0.91
11 15 0.19
11 27 0.62
11 43 0.19
11 75 0.81
12 17 0.8
12 55 0.32
12 13 0.8
12 14 0.34
12 28 0.69
12 44 0.63
12 76 0.45
13 15 0.71
13 29 0.85
13 45 0.29
13 77 0.08
14 32 0.02
14 48 0.62
14 117 0.85
14 15 0.29
14 30 0.98
14 46 0.09
14 78 0.91
15 24 0.44
15 27 0.67
15 38 0.9
15 54 0.96
15 83 0.52
15 98 0.32
15 31 0.87
15 47 0.07
15 79 0.1
16 44 0.03
16 95 0.56
16 17 0.48
16 18 0.46
16 20 0.18
16 24 0.7
16 48 0.43
16 80 0.47
17 46 0.62
17 61 0.25
17 64 0.75
17 19 0.63
17 21 0.14
17 25 0.71
17 49 0.8
17 81 0.1
18 91 0.44
18 19 0.54
18 22 0.65
18 26 0.24
18 50 0.95
18 82 0.6
19 23 0.78
19 27 0.77
19 51 0.98
19 83 0.4
20 21 0.2
20 22 0.32
20 28 0.68
20 52 0.08
20 84 0.47
21 77 0.28
21 86 0.37
21 23 0.56
21 29 0.05
21 53 0.41
21 85 0.97
22 23 0.47
22 29 0.91
22 30 0.56
22 54 0.01
22 86 0.2
23 25 0.33
23 31 0.97
23 55 0.68
23 87 0.67
24 25 0.78
24 26 0.48
24 28 0.11
24 56 0.24
24 88 0.3
25 39 0.02
25 27 0.91
25 29 0.7
25 57 0.55
25 89 0.26
26 34 0.49
26 51 0.38
26 27 0.12
26 30 0.03
26 58 0.62
26 90 0.73
27 115 0.17
27 31 0.62
27 59 0.52
27 91 0.26
28 49 0.83
28 90 0.38
28 29 0.66
28 30 0.2
28 60 0.31
28 92 0.94
29 78 0.28
29 79 0.08
29 114 0.42
29 31 0.28
29 61 0.59
29 93 0.53
30 35 0.4
30 66 0.87
30 111 0.62
30 31 0.45
30 62 0.19
30 94 0.75
31 81 0.07
31 63 0.01
31 95 0.3
32 50 0.2
32 33 0.89
32 34 0.18
32 36 0.17
32 40 0.07
32 48 0.23
32 96 0.78
33 45 0.65
33 35 0.23
33 37 0.02
33 41 0.37
33 49 0.53
33 97 0.65
34 96 0.48
34 35 0.64
34 38 0.04
34 42 0.7
34 50 0.58
34 98 0.34
35 60 0.72
35 39 0.79
35 43 0.27
35 51 0.8
35 99 0.64
36 40 0.33
36 118 0.12
36 37 0.26
36 38 0.57
36 44 0.32
36 52 0.45
36 100 0.2
37 75 0.15
37 39 0.7
37 45 0.3
37 53 0
37 101 0.86
38 74 0.27
38 39 0.34
38 46 0.87
38 54 0.25
38 102 0.81
39 47 0.88
39 55 0.15
39 103 0.93
40 41 0.58
40 42 0.09
40 44 0.04
40 56 0.76
40 104 0.8
41 43 0.96
41 45 0.34
41 57 0.92
41 105 0.38
42 73 0.4
42 103 0.79
42 43 0.3
42 46 0.5
42 58 0.94
42 106 0.18
43 47 0.17
43 59 0.6
43 107 0.38
44 52 0.01
44 72 0.76
44 45 0.12
44 46 0.07
44 60 0.04
44 108 0.65
45 47 0.13
45 61 0.7
45 109 0.6
46 70 0.14
46 47 0.23
46 62 0.89
46 110 0.35
47 87 0.6
47 110 0.7
47 63 0.22
47 111 0.01
48 57 0.41
48 62 0.62
48 49 0.19
48 50 0.48
48 52 0.24
48 56 0.08
48 112 0.65
49 59 0.01
49 51 0.31
49 53 0.04
49 57 0.42
49 113 0.77
50 51 0.58
50 54 0.48
50 58 0.42
50 114 0.02
51 69 0.9
51 105 0.02
51 55 0.47
51 59 0.37
51 115 0.05
52 53 0
52 54 0.85
52 60 0.33
52 116 0.39
53 55 0.46
53 61 0.79
53 117 0.02
54 65 0.57
54 55 0.11
54 62 0.1
54 118 0.62
55 67 0.55
55 63 0.81
55 119 0.98
56 57 0.76
56 58 0.81
56 60 0.49
56 120 0.84
57 58 0.96
57 59 0.93
57 61 0.3
57 121 0.53
58 59 0.65
58 62 0.79
58 122 0.81
59 104 0.61
59 63 0.32
59 123 0.07
60 124 0.33
60 61 0.07
60 62 0.24
61 63 0.65
61 125 0.2
62 84 0.1
62 63 0.41
62 126 0.12
63 127 0.87
64 85 0.81
64 65 0.61
64 66 0.14
64 68 0.55
64 72 0.12
64 80 0.23
64 96 0.49
65 67 0.23
65 69 0.61
65 73 0.97
65 81 0.15
65 97 0.92
66 68 0.22
66 101 0.01
66 67 0.09
66 70 0.73
66 74 0.68
66 82 0.05
66 98 0.66
67 102 0.07
67 122 0.12
67 127 0.8
67 71 0.05
67 75 0.46
67 83 0.34
67 99 0.17
68 71 0.19
68 97 0.92
68 69 0.2
68 70 0.82
68 76 0.95
68 84 0.66
68 100 0
69 82 0.92
69 120 0.15
69 71 0.6
69 77 0.23
69 85 0.53
69 101 0.43
70 71 0.84
70 78 0.93
70 86 0.22
70 102 0.23
71 79 0.46
71 87 0.63
71 103 0.45
72 88 0.29
72 73 0.23
72 74 0.43
72 76 0.45
72 104 0.12
73 75 0.79
73 77 0.17
73 89 0.45
73 105 0.3
74 75 0.97
74 78 0.25
74 90 0.4
74 106 0.04
75 76 0.92
75 79 0.48
75 91 0.05
75 107 0.66
76 77 0.48
76 78 0.84
76 92 0.17
76 108 0.87
77 79 0.29
77 93 0.12
77 109 0.97
78 116 0.48
78 79 0.74
78 94 0.74
78 110 0.67
79 80 0.88
79 95 0.55
79 111 0.48
80 89 0.12
80 81 0.51
80 82 0.65
80 84 0.97
80 88 0.24
80 112 0.02
81 83 0.39
81 85 0.12
81 89 0.33
81 113 0.1
82 83 0.5
82 86 0.51
82 90 0.88
82 114 0.97
83 99 0.06
83 87 0.49
83 91 0.86
83 115 0.89
84 125 0.59
84 85 0.28
84 86 0.22
84 92 0.85
84 116 0.29
85 94 0.74
85 87 0.45
85 93 0.25
85 117 0.32
86 87 0.74
86 94 0.41
86 118 0.77
87 109 0.57
87 95 0.31
87 119 0.34
88 89 0.52
88 90 0.81
88 92 0.73
88 120 0.31
89 91 0.14
89 93 0.75
89 121 0.71
90 91 0.76
90 94 0.74
90 122 0.9
91 95 0.55
91 123 0.3
92 108 0.19
92 93 0.5
92 94 0.49
92 124 0.32
93 95 0.52
93 125 0.05
94 95 0.89
94 126 0.49
95 106 0.95
95 112 0.95
95 127 0.44
96 97 0.43
96 98 0.88
96 100 0.32
96 104 0.89
96 112 0.33
97 113 0.47
97 99 0.3
97 101 0.49
97 105 0.08
98 99 0.02
98 102 0.59
98 106 0.15
98 114 0.17
99 103 0.06
99 107 0.94
99 115 0.37
100 101 0.4
100 102 0.64
100 108 0.69
100 116 0.32
101 103 0
101 109 0.65
101 117 0.89
102 103 0.06
102 110 0.67
102 118 0.42
103 111 0.38
103 119 0.84
104 105 0
104 106 0.51
104 108 0.13
104 120 0.17
105 107 0.23
105 109 0.78
105 121 0.82
106 126 0.25
106 107 0.37
106 110 0.76
106 122 0.36
107 111 0.57
107 123 0.45
108 109 0.58
108 110 0.85
108 124 0.12
109 111 0.13
109 125 0.07
110 111 0.72
110 126 0.59
111 121 0.28
111 127 0.8
112 113 0.28
112 114 0.71
112 116 0.35
112 120 0.53
113 115 0.79
113 117 0.85
113 121 0.3
114 115 0.7
114 118 0.02
114 122 0.01
115 119 0.97
115 123 0.16
116 117 0.57
116 118 0.06
116 124 0.75
117 119 0.05
117 125 0.45
118 119 0.23
118 126 0.69
119 127 0.35
120 121 0.85
120 122 0.38
120 124 0.46
121 123 0.2
121 125 0.41
122 123 0.13
122 126 0.6
123 127 0.37
124 125 0.59
124 126 0.37
125 127 0.22
126 127 0.32
