76
1385
0 1 0.76
0 2 0.57
0 22 0.38
0 3 0.78
0 4 0.51
0 5 0.94
0 6 0.02
0 7 0.64
0 8 0.96
0 9 0.37
0 10 0.41
0 11 0.05
0 12 0.91
0 13 0.49
0 14 0.33
0 15 0.35
0 16 0.54
0 17 0.19
0 18 0.04
0 19 0.21
0 20 0.71
0 21 0.81
0 23 0.33
0 24 0.64
0 25 0.5
0 26 0.6
0 27 0.41
0 28 0.7
0 29 0.05
0 30 0.76
0 31 0.77
0 32 0.65
0 33 0.63
0 34 0.13
0 35 0.09
0 36 0.17
0 37 0.64
1 9 0.75
1 24 0.42
1 2 0.63
1 3 0.96
1 4 0.64
1 5 0.55
1 6 0.77
1 7 0.39
1 8 0.94
1 10 0.68
1 11 0.88
1 12 0.71
1 13 0.97
1 14 0.36
1 15 0
1 16 0.14
1 17 0.6
1 18 0.87
1 19 0.48
1 20 0.67
1 21 0.82
1 22 0.68
1 23 0.2
1 25 0.71
1 26 0.21
1 27 0.21
1 28 0.05
1 29 0.86
1 30 0.45
1 31 0.89
1 32 0.32
1 33 0.16
1 34 0.79
1 35 0.46
1 36 0.43
1 37 0.06
2 3 0.58
2 4 0.15
2 5 0.93
2 6 0.97
2 7 0.21
2 8 0.34
2 9 0.15
2 10 0.5
2 11 0.34
2 12 0.75
2 13 0.43
2 14 0.16
2 15 0.67
2 16 0.26
2 17 0.92
2 18 0.82
2 19 0.38
2 20 0.45
2 21 0.08
2 22 0.25
2 23 0.56
2 24 0.5
2 25 0.44
2 26 0.8
2 27 0.37
2 28 0.58
2 29 0.07
2 30 0.33
2 31 0.87
2 32 0.25
2 33 0.48
2 34 0.94
2 35 0.92
2 36 0.64
2 37 0.64
3 6 0.51
3 14 0.73
3 32 0.16
3 70 0.74
3 4 0.42
3 5 0.47
3 7 0.15
3 8 0.01
3 9 0.43
3 10 0.11
3 11 0.95
3 12 0.77
3 13 0.51
3 15 0.63
3 16 0.04
3 17 0.57
3 18 0.6
3 19 0.58
3 20 0.17
3 21 0.25
3 22 0.51
3 23 0.66
3 24 0.51
3 25 0.15
3 26 0.97
3 27 0.89
3 28 0.69
3 29 0.84
3 30 0.49
3 31 0.6
3 33 0.8
3 34 0.89
3 35 0.06
3 36 0.6
4 17 0.29
4 34 0.5
4 46 0.35
4 5 0.7
4 6 0.38
4 7 0.44
4 8 0.42
4 9 0.38
4 10 0.45
4 11 0.95
4 12 0.83
4 13 0.67
4 14 0.38
4 15 0.11
4 16 0.38
4 18 0.82
4 19 0.93
4 20 0.29
4 21 0.25
4 22 0.55
4 23 0.27
4 24 0.28
4 25 0.07
4 26 0.69
4 27 0.75
4 28 0.51
4 29 0.56
4 30 0.57
4 31 0.43
4 32 0.72
4 33 0.78
4 35 0.9
4 36 0.67
5 7 0.08
5 13 0.8
5 15 0.86
5 29 0.03
5 31 0.14
5 42 0.02
5 6 0.76
5 8 0.33
5 9 0.78
5 10 0.03
5 11 0.57
5 12 0.38
5 14 0.7
5 16 0.63
5 17 0.62
5 18 0.29
5 19 0.06
5 20 0.84
5 21 0.58
5 22 0.42
5 23 0.23
5 24 0.85
5 25 0.05
5 26 0.21
5 27 0.27
5 28 0.41
5 30 0.24
5 32 0.26
5 33 0.72
5 34 0.31
5 35 0.14
5 36 0.9
6 25 0.57
6 7 0.89
6 8 0.11
6 9 0.45
6 10 0.93
6 11 0.09
6 12 0.87
6 13 0.04
6 14 0.71
6 15 0.47
6 16 0.57
6 17 0.55
6 18 0.88
6 19 0.13
6 20 0.06
6 21 0.59
6 22 0.67
6 23 0.75
6 24 0.86
6 26 0.55
6 27 0.88
6 28 0.83
6 29 0.93
6 30 0
6 31 0.72
6 32 0.13
6 33 0.61
6 34 0.15
6 35 0.9
6 36 0.2
6 37 0.43
7 8 0.02
7 10 0.81
7 36 0.86
7 9 0.18
7 11 0.26
7 12 0.38
7 13 0.65
7 14 0.48
7 15 0.72
7 16 0.21
7 17 0.65
7 18 0.52
7 19 0.91
7 20 0.56
7 21 0.25
7 22 0.21
7 23 0.85
7 24 0.15
7 25 0.61
7 26 0.84
7 27 0.92
7 28 0.87
7 29 0.36
7 30 0.78
7 31 0.73
7 32 0.03
7 33 0.6
7 34 0.27
7 35 0.35
7 37 0.17
8 18 0.98
8 37 0.21
8 9 0.33
8 10 0.5
8 11 0.62
8 12 0.7
8 13 0.68
8 14 0.93
8 15 0.39
8 16 0.44
8 17 0.63
8 19 0.39
8 20 0.77
8 21 0.34
8 22 0.45
8 23 0.24
8 24 0.24
8 25 0.66
8 26 0.28
8 27 0.69
8 28 0.43
8 29 0.56
8 30 0.68
8 31 0.68
8 32 0.41
8 33 0.84
8 34 0.78
8 35 0.68
8 36 0.93
9 12 0.04
9 19 0.37
9 20 0.04
9 10 0.94
9 11 0.42
9 13 0.5
9 14 0.65
9 15 0.43
9 16 0.96
9 17 0.55
9 18 0.5
9 21 0.03
9 22 0.12
9 23 0.23
9 24 0.23
9 25 0.17
9 26 0.34
9 27 0.75
9 28 0.46
9 29 0.77
9 30 0.86
9 31 0.05
9 32 0.17
9 33 0.4
9 34 0.75
9 35 0.23
9 36 0.59
9 37 0.47
10 11 0.27
10 40 0.83
10 12 0.27
10 13 0.42
10 14 0.28
10 15 0.05
10 16 0.29
10 17 0.68
10 18 0.17
10 19 0.14
10 20 0.41
10 21 0.2
10 22 0.96
10 23 0.82
10 24 0.77
10 25 0.94
10 26 0.91
10 27 0.35
10 28 0.09
10 29 0.97
10 30 0.81
10 31 0.1
10 32 0.64
10 33 0.74
10 34 0.8
10 35 0.33
10 36 0.83
11 12 0.9
11 13 0.46
11 14 0.76
11 15 0.16
11 16 0.03
11 17 0.75
11 18 0.59
11 19 0.29
11 20 0.12
11 21 0.9
11 22 0.38
11 23 0.07
11 24 0.36
11 25 0.95
11 26 0.5
11 27 0.87
11 28 0.11
11 29 0.62
11 30 0.14
11 31 0.95
11 32 0.17
11 33 0.73
11 34 0.59
11 35 0.53
11 36 0.95
11 37 0.08
12 21 0.89
12 26 0.51
12 65 0.12
12 13 0.21
12 14 0.05
12 15 0.06
12 16 0.74
12 17 0.19
12 18 0.72
12 19 0.67
12 20 0.08
12 22 0.58
12 23 0.73
12 24 0.4
12 25 0.74
12 27 0.51
12 28 0.5
12 29 0.42
12 30 0
12 31 0.63
12 32 0.1
12 33 0.83
12 34 0.98
12 35 0.42
12 36 0.95
13 14 0.62
13 15 0.96
13 16 0.27
13 17 0.29
13 18 0.15
13 19 0.34
13 20 0.29
13 21 0.64
13 22 0.16
13 23 0.79
13 24 0.14
13 25 0.55
13 26 0.88
13 27 0.09
13 28 0.54
13 29 0.36
13 30 0.95
13 31 0.48
13 32 0.87
13 33 0.77
13 34 0.37
13 35 0.49
13 36 0.47
13 37 0.8
14 16 0.77
14 15 0.64
14 17 0.78
14 18 0.42
14 19 0.2
14 20 0.04
14 21 0.73
14 22 0.51
14 23 0.61
14 24 0.35
14 25 0.51
14 26 0.06
14 27 0.39
14 28 0.53
14 29 0.06
14 30 0.01
14 31 0.97
14 32 0.92
14 33 0.9
14 34 0.8
14 35 0.33
14 36 0.41
14 37 0.79
15 23 0.41
15 43 0.93
15 16 0.39
15 17 0.05
15 18 0.65
15 19 0.54
15 20 0.04
15 21 0.76
15 22 0.43
15 24 0.43
15 25 0.47
15 26 0.6
15 27 0.73
15 28 0.02
15 29 0.07
15 30 0.35
15 31 0.53
15 32 0.21
15 33 0.74
15 34 0.98
15 35 0.69
15 36 0.03
16 33 0.33
16 17 0.66
16 18 0.5
16 19 0.55
16 20 0.64
16 21 0.13
16 22 0.41
16 23 0.8
16 24 0.93
16 25 0.08
16 26 0.41
16 27 0.56
16 28 0.88
16 29 0.37
16 30 0.37
16 31 0.07
16 32 0.41
16 34 0.33
16 35 0
16 36 0.67
16 37 0.42
17 18 0.41
17 19 0.58
17 20 0.89
17 21 0.14
17 22 0.32
17 23 0.07
17 24 0.45
17 25 0.55
17 26 0.53
17 27 0.05
17 28 0.74
17 29 0.77
17 30 0.55
17 31 0.23
17 32 0.49
17 33 0.39
17 34 0.72
17 35 0.86
17 36 0.71
17 37 0.65
18 64 0.8
18 19 0.03
18 20 0.18
18 21 0.91
18 22 0.24
18 23 0.83
18 24 0.4
18 25 0.02
18 26 0.7
18 27 0.93
18 28 0.19
18 29 0.71
18 30 0.3
18 31 0.42
18 32 0
18 33 0.98
18 34 0.64
18 35 0.08
18 36 0.13
19 53 0.01
19 68 0.7
19 20 0.31
19 21 0.83
19 22 0.47
19 23 0.36
19 24 0.39
19 25 0.45
19 26 0.66
19 27 0.7
19 28 0.59
19 29 0.52
19 30 0.47
19 31 0.24
19 32 0.07
19 33 0.91
19 34 0.63
19 35 0.2
20 27 0.92
20 50 0.51
20 21 0.95
20 22 0.77
20 23 0.3
20 24 0.22
20 25 0.14
20 26 0.08
20 28 0.69
20 29 0.85
20 30 0.32
20 31 0.24
20 32 0.65
20 33 0.23
20 34 0.5
20 35 0.75
20 36 0.98
21 30 0.14
21 69 0.65
21 22 0.48
21 23 0.15
21 24 0.39
21 25 0.47
21 26 0.59
21 27 0.1
21 28 0.61
21 29 0.69
21 31 0.02
21 32 0.79
21 33 0.4
21 34 0.71
21 35 0.41
21 36 0.1
22 23 0.34
22 24 0.44
22 25 0.47
22 26 0.06
22 27 0.98
22 28 0.53
22 29 0.09
22 30 0.72
22 31 0.64
22 32 0.74
22 33 0.32
22 34 0.81
22 35 0.61
22 36 0.26
22 37 0.26
23 28 0.89
23 24 0.85
23 25 0.36
23 26 0.56
23 27 0.59
23 29 0.59
23 30 0.51
23 31 0.73
23 32 0.43
23 33 0.77
23 34 0.48
23 35 0.67
23 36 0.08
23 37 0.64
24 47 0.62
24 25 0.12
24 26 0.08
24 27 0.2
24 28 0.39
24 29 0.91
24 30 0.2
24 31 0.97
24 32 0.46
24 33 0.75
24 34 0.5
24 35 0.39
24 36 0.94
25 26 0.05
25 27 0.48
25 28 0.98
25 29 0.03
25 30 0.59
25 31 0.11
25 32 0.62
25 33 0.46
25 34 0.6
25 35 0.4
25 36 0.35
25 37 0.74
26 27 0.56
26 28 0.95
26 29 0.23
26 30 0.54
26 31 0.39
26 32 0.53
26 33 0.46
26 34 0.05
26 35 0.34
26 36 0.11
26 37 0.85
27 41 0.23
27 66 0.35
27 74 0.83
27 28 0.1
27 29 0.67
27 30 0.17
27 31 0.7
27 32 0.62
27 33 0.05
27 34 0.19
28 48 0.36
28 52 0.62
28 29 0.22
28 30 0.89
28 31 0.7
28 32 0.83
28 33 0.13
28 34 0.54
28 35 0.83
29 35 0.56
29 30 0.79
29 31 0.21
29 32 0.59
29 33 0.02
29 34 0.22
29 36 0.49
29 37 0.89
30 31 0.56
30 32 0.22
30 33 0.22
30 34 0.25
30 35 0.92
30 36 0.54
30 37 0.25
31 39 0.75
31 44 0.02
31 32 0.84
31 33 0.87
31 34 0.48
31 35 0.9
32 63 0.34
32 33 0.74
32 34 0.47
32 35 0.23
32 36 0.27
33 38 0.56
33 34 0.47
33 35 0.25
33 36 0.39
34 59 0.51
34 35 0.85
34 36 0.28
35 55 0.21
35 62 0.07
35 36 0.23
36 45 0.02
36 37 0.61
36 38 0.19
36 39 0.73
36 40 0.16
37 57 0.58
37 58 0.19
37 73 0.66
37 38 0.05
37 39 0.58
37 40 0.98
37 41 0.16
37 42 0.76
37 43 0.21
37 44 0.58
37 45 0.31
37 46 0.24
37 47 0.64
37 48 0.94
37 49 0.07
37 50 0.21
37 51 0.8
37 52 0.05
38 39 0.92
38 40 0.89
38 41 0.68
38 42 0.21
38 43 0.49
38 44 0.06
38 45 0.37
38 46 0.94
38 47 0.69
38 48 0.68
38 49 0.54
38 50 0.21
38 51 0.07
38 52 0.78
38 53 0.73
38 54 0.95
38 55 0.46
38 56 0.02
38 57 0.72
38 58 0.2
38 59 0.11
38 60 0.47
38 61 0.35
38 62 0.66
38 63 0.94
38 64 0.6
38 65 0.13
38 66 0.47
38 67 0.92
38 68 0.97
38 69 0.53
38 70 0.39
38 71 0.73
38 72 0.12
39 54 0.77
39 40 0.86
39 41 0.88
39 42 0.84
39 43 0.12
39 44 0.7
39 45 0.48
39 46 0.08
39 47 0.32
39 48 0.3
39 49 0.48
39 50 0.54
39 51 0.27
39 52 0.55
39 53 0.17
39 55 0.29
39 56 0.03
39 57 0.7
39 58 0.48
39 59 0.61
39 60 0.87
39 61 0.61
39 62 0.6
39 63 0.12
39 64 0.48
39 65 0.3
39 66 0.85
39 67 0.55
39 68 0.58
39 69 0.91
39 70 0.77
39 71 0.48
39 72 0.36
40 51 0.01
40 41 0.79
40 42 0.57
40 43 0.18
40 44 0.93
40 45 0.36
40 46 0.09
40 47 0.27
40 48 0.03
40 49 0.22
40 50 0.85
40 52 0.78
40 53 0.68
40 54 0.91
40 55 0.16
40 56 0.04
40 57 0.69
40 58 0.69
40 59 0.9
40 60 0.96
40 61 0.1
40 62 0.12
40 63 0.33
40 64 0.79
40 65 0.79
40 66 0.04
40 67 0.68
40 68 0.82
40 69 0.24
40 70 0.66
40 71 0.24
40 72 0.93
41 49 0.14
41 42 0.34
41 43 0.12
41 44 0.35
41 45 0.73
41 46 0.26
41 47 0
41 48 0.46
41 50 0.88
41 51 0.5
41 52 0.72
41 53 0.9
41 54 0.34
41 55 0.21
41 56 0.08
41 57 0.39
41 58 0.3
41 59 0.8
41 60 0.89
41 61 0.5
41 62 0.34
41 63 0.29
41 64 0.22
41 65 0.35
41 66 0.93
41 67 0.57
41 68 0.93
41 69 0.9
41 70 0.49
41 71 0.61
41 72 0.2
41 73 0.33
42 43 0.45
42 44 0.53
42 45 0.85
42 46 0.93
42 47 0.78
42 48 0.82
42 49 0.63
42 50 0.72
42 51 0.37
42 52 0.02
42 53 0.79
42 54 0.37
42 55 0.05
42 56 0.7
42 57 0.57
42 58 0.39
42 59 0.32
42 60 0.95
42 61 0.62
42 62 0.79
42 63 0.48
42 64 0.27
42 65 0.84
42 66 0.22
42 67 0.28
42 68 0.87
42 69 0.43
42 70 0.93
42 71 0.63
42 72 0.16
42 73 0.41
43 44 0.89
43 45 0.02
43 46 0.93
43 47 0.77
43 48 0.52
43 49 0.12
43 50 0.59
43 51 0.58
43 52 0.34
43 53 0.44
43 54 0.79
43 55 0.68
43 56 0.81
43 57 0.76
43 58 0.38
43 59 0.08
43 60 0.19
43 61 0.14
43 62 0.24
43 63 0.95
43 64 0.43
43 65 0.42
43 66 0.09
43 67 0.21
43 68 0.75
43 69 0.08
43 70 0.61
43 71 0.91
43 72 0.75
43 73 0.24
44 45 0.62
44 46 0.2
44 47 0.55
44 48 0.56
44 49 0.04
44 50 0.61
44 51 0.9
44 52 0.37
44 53 0.96
44 54 0.8
44 55 0.24
44 56 0
44 57 0.45
44 58 0.53
44 59 0.4
44 60 0.81
44 61 0.94
44 62 0.5
44 63 0.53
44 64 0.27
44 65 0.28
44 66 0.93
44 67 0.17
44 68 0.49
44 69 0.96
44 70 0.15
44 71 0.48
44 72 0.44
44 73 0.6
45 56 0.1
45 46 0.26
45 47 0.23
45 48 0.94
45 49 0.19
45 50 0.78
45 51 0.05
45 52 0.75
45 53 0.79
45 54 0.84
45 55 0.7
45 57 0.95
45 58 0.2
45 59 0.67
45 60 0.31
45 61 0.78
45 62 0.94
45 63 0.86
45 64 0.95
45 65 0.36
45 66 0.96
45 67 0.77
45 68 0.63
45 69 0.24
45 70 0.33
45 71 0.52
45 72 0.39
45 73 0.4
46 47 0.94
46 48 0.28
46 49 0.83
46 50 0.44
46 51 0.54
46 52 0.62
46 53 0.21
46 54 0.7
46 55 0.67
46 56 0.22
46 57 0.16
46 58 0.37
46 59 0.98
46 60 0.98
46 61 0.02
46 62 0.58
46 63 0.86
46 64 0.69
46 65 0.05
46 66 0.5
46 67 0.86
46 68 0.22
46 69 0.47
46 70 0.24
46 71 0.6
46 72 0.24
46 73 0.4
47 48 0.69
47 49 0.09
47 50 0.44
47 51 0.02
47 52 0.01
47 53 0.33
47 54 0.64
47 55 0.08
47 56 0.58
47 57 0.32
47 58 0.82
47 59 0.41
47 60 0.13
47 61 0.58
47 62 0.74
47 63 0.09
47 64 0.89
47 65 0.48
47 66 0.66
47 67 0.97
47 68 0.86
47 69 0.85
47 70 0.08
47 71 0.95
47 72 0.92
47 73 0.95
48 72 0.03
48 49 0.66
48 50 0.3
48 51 0.56
48 52 0.89
48 53 0.05
48 54 0.19
48 55 0.44
48 56 0.82
48 57 0.23
48 58 0.67
48 59 0.02
48 60 0.74
48 61 0.5
48 62 0.05
48 63 0.3
48 64 0.38
48 65 0.78
48 66 0.85
48 67 0.48
48 68 0.44
48 69 0.5
48 70 0.48
48 71 0.76
48 73 0.72
49 50 0.17
49 51 0.67
49 52 0.64
49 53 0.5
49 54 0.12
49 55 0.82
49 56 0.24
49 57 0.31
49 58 0.03
49 59 0.02
49 60 0.3
49 61 0.21
49 62 0.06
49 63 0.71
49 64 0.83
49 65 0.58
49 66 0.44
49 67 0.58
49 68 0.49
49 69 0.06
49 70 0.23
49 71 0.32
49 72 0.94
49 73 0.61
49 74 0.61
50 61 0.03
50 51 0.11
50 52 0.1
50 53 0.79
50 54 0.55
50 55 0.77
50 56 0.25
50 57 0.05
50 58 0.5
50 59 0.45
50 60 0.56
50 62 0.11
50 63 0.71
50 64 0.92
50 65 0.43
50 66 0.27
50 67 0.75
50 68 0.53
50 69 0.24
50 70 0.35
50 71 0.76
50 72 0.72
50 73 0.52
51 52 0.16
51 53 0.43
51 54 0.71
51 55 0.46
51 56 0.29
51 57 0.49
51 58 0.49
51 59 0.12
51 60 0.64
51 61 0.38
51 62 0.21
51 63 0.12
51 64 0.15
51 65 0.51
51 66 0.38
51 67 0.09
51 68 0.77
51 69 0.9
51 70 0.87
51 71 0.51
51 72 0.42
51 73 0.25
51 74 0.75
52 53 0.96
52 54 0.4
52 55 0.36
52 56 0.73
52 57 0.32
52 58 0.74
52 59 0.51
52 60 0.62
52 61 0.84
52 62 0.67
52 63 0.81
52 64 0.77
52 65 0.56
52 66 0.21
52 67 0.36
52 68 0.74
52 69 0.51
52 70 0.66
52 71 0.71
52 72 0.01
52 73 0.4
53 54 0.53
53 55 0.55
53 56 0.2
53 57 0.92
53 58 0.01
53 59 0.53
53 60 0.27
53 61 0.96
53 62 0.13
53 63 0.39
53 64 0.1
53 65 0.59
53 66 0.64
53 67 0.53
53 68 0.45
53 69 0.33
53 70 0.96
53 71 0.05
53 72 0.04
53 73 0.26
53 74 0.81
54 60 0.57
54 55 0.05
54 56 0.35
54 57 0.37
54 58 0.31
54 59 0.52
54 61 0.44
54 62 0.07
54 63 0.93
54 64 0.09
54 65 0.02
54 66 0.6
54 67 0.78
54 68 0.57
54 69 0.39
54 70 0.52
54 71 0.23
54 72 0.78
54 73 0.7
54 74 0.78
54 75 0.72
55 56 0.31
55 57 0.75
55 58 0.2
55 59 0.94
55 60 0.89
55 61 0.57
55 62 0.2
55 63 0.01
55 64 0.91
55 65 0.74
55 66 0.52
55 67 0.15
55 68 0.71
55 69 0.26
55 70 0.57
55 71 0.14
55 72 0.34
55 73 0.22
55 74 0.75
56 57 0.97
56 58 0.66
56 59 0.59
56 60 0.23
56 61 0.54
56 62 0.91
56 63 0.3
56 64 0.92
56 65 0.43
56 66 0.96
56 67 0.95
56 68 0.5
56 69 0
56 70 0.65
56 71 0.94
56 72 0.81
56 73 0.09
56 74 0.74
56 75 0.6
57 58 0.98
57 59 0.26
57 60 0.49
57 61 0.73
57 62 0.53
57 63 0.29
57 64 0.95
57 65 0.53
57 66 0.43
57 67 0.12
57 68 0.49
57 69 0.83
57 70 0.54
57 71 0.21
57 72 0.32
57 73 0.97
57 74 0.58
58 59 0.49
58 60 0.49
58 61 0.04
58 62 0.35
58 63 0.52
58 64 0.32
58 65 0.56
58 66 0.87
58 67 0.37
58 68 0.22
58 69 0.16
58 70 0.97
58 71 0.02
58 72 0.71
58 73 0.75
58 74 0.92
59 60 0.79
59 61 0.63
59 62 0.02
59 63 0.32
59 64 0.94
59 65 0.4
59 66 0.74
59 67 0.04
59 68 0.29
59 69 0.14
59 70 0.34
59 71 0.36
59 72 0.56
59 73 0.27
59 74 0.29
60 61 0.8
60 62 0.66
60 63 0.35
60 64 0.71
60 65 0.3
60 66 0.3
60 67 0.04
60 68 0.95
60 69 0.24
60 70 0.31
60 71 0.85
60 72 0.04
60 73 0.27
60 74 0.06
60 75 0.23
61 67 0.25
61 75 0.53
61 62 0.05
61 63 0.48
61 64 0.9
61 65 0.06
61 66 0.04
61 68 0.64
61 69 0.2
61 70 0.58
61 71 0.65
61 72 0.89
61 73 0.08
61 74 0.6
62 63 0.1
62 64 0.21
62 65 0.27
62 66 0.49
62 67 0.22
62 68 0.54
62 69 0.64
62 70 0.76
62 71 0.67
62 72 0.02
62 73 0.38
62 74 0.95
63 64 0.66
63 65 0.77
63 66 0.73
63 67 0.16
63 68 0.67
63 69 0.07
63 70 0.8
63 71 0.3
63 72 0.89
63 73 0.87
63 74 0.07
64 65 0.32
64 66 0.53
64 67 0.95
64 68 0.36
64 69 0.92
64 70 0.91
64 71 0.47
64 72 0.12
64 73 0.17
64 74 0.84
65 66 0.19
65 67 0.67
65 68 0.26
65 69 0.95
65 70 0.35
65 71 0.66
65 72 0.58
65 73 0.71
65 74 0.77
66 67 0.86
66 68 0.42
66 69 0.32
66 70 0.4
66 71 0.09
66 72 0.06
66 73 0.93
66 74 0.74
67 71 0.65
67 68 0.4
67 69 0.25
67 70 0.14
67 72 0.19
67 73 0.36
67 74 0.96
67 75 0.09
68 69 0.07
68 70 0.08
68 71 0.41
68 72 0.79
68 73 0.61
68 74 0.65
69 70 0.22
69 71 0.04
69 72 0.8
69 73 0.86
69 74 0.92
70 71 0.56
70 72 0.49
70 73 0.75
70 74 0.18
71 72 0.66
71 73 0.75
71 74 0.14
71 75 0.71
72 73 0.5
72 74 0.65
72 75 0.19
73 74 0.23
73 75 0.02
74 75 0.14
