32
80
0 1 0.41
0 2 0.53
0 4 0.97
0 8 0.67
0 16 0.62
1 3 0.93
1 5 0.54
1 9 0.34
1 17 0.11
2 3 0.62
2 6 0.16
2 10 0.96
2 18 0.61
3 7 0.62
3 11 0.75
3 19 0.9
4 5 0.18
4 6 0.51
4 12 0.54
4 20 0.94
5 7 0.96
5 13 0.17
5 21 0.95
6 7 0.02
6 14 0.54
6 22 0.87
7 15 0.07
7 23 0.93
8 9 0.92
8 10 0.51
8 12 0.38
8 24 0.51
9 11 0.93
9 13 0.88
9 25 0.37
10 11 0.05
10 14 0.91
10 26 0.39
11 15 0.39
11 27 0.85
12 13 0.4
12 14 0.65
12 28 0.9
13 15 0.31
13 29 0.76
14 15 0.23
14 30 0.16
15 31 0.83
16 17 0.27
16 18 0.5
16 20 0.27
16 24 0.55
17 19 0.16
17 21 0.5
17 25 0.71
18 19 0.15
18 22 0.74
18 26 0.37
19 23 0.03
19 27 0.6
20 21 0.81
20 22 0.29
20 28 0.57
21 23 0.18
21 29 0.92
22 23 0.71
22 30 0.64
23 31 0.48
24 25 0.28
24 26 0.24
24 28 0.53
25 27 0.93
25 29 0.31
26 27 0.26
26 30 0.12
27 31 0.95
28 29 0.13
28 30 0.11
29 31 0.34
30 31 0.86
