40
369
0 1 0.63
0 5 0.38
0 15 0.63
0 2 0.35
0 3 0.68
0 4 0.41
0 6 0.76
0 7 0.14
0 8 0.57
0 9 0.54
0 10 0.62
0 11 0.46
0 12 0.01
0 13 0.69
0 14 0.75
0 16 0.1
0 17 0.74
0 18 0.1
0 19 0.27
1 2 0.01
1 4 0.8
1 8 0.72
1 11 0.59
1 14 0.8
1 25 0.79
1 3 0.06
1 5 0.28
1 6 0.83
1 7 0.34
1 9 0.34
1 10 0
1 12 0.26
1 13 0.09
1 15 0.92
1 16 0.9
1 17 0.97
1 18 0.51
2 3 0.24
2 6 0.89
2 7 0.36
2 4 0.83
2 5 0.44
2 8 0.24
2 9 0.53
2 10 0.9
2 11 0.64
2 12 0.35
2 13 0.38
2 14 0.7
2 15 0.55
2 16 0.97
2 17 0.13
2 18 0.82
2 19 0.34
3 16 0.56
3 4 0.4
3 5 0.5
3 6 0.17
3 7 0.42
3 8 0.82
3 9 0.77
3 10 0.91
3 11 0.77
3 12 0.11
3 13 0.47
3 14 0.71
3 15 0.29
3 17 0.64
3 18 0.73
3 19 0.13
4 9 0.01
4 12 0.52
4 24 0.82
4 30 0.13
4 34 0.67
4 5 0.06
4 6 0.68
4 7 0.38
4 8 0.2
4 10 0.27
4 11 0.89
4 13 0.29
4 14 0.23
4 15 0.45
4 16 0.71
5 10 0.57
5 20 0.19
5 29 0.14
5 38 0.04
5 39 0.61
5 6 0.42
5 7 0.37
5 8 0.84
5 9 0.84
5 11 0.13
5 12 0.62
5 13 0.24
5 14 0.89
5 15 0.37
6 7 0.87
6 8 0.53
6 9 0.25
6 10 0.24
6 11 0.87
6 12 0.58
6 13 0.71
6 14 0.72
6 15 0.46
6 16 0.47
6 17 0.65
6 18 0.36
6 19 0.6
7 8 0.85
7 9 0.52
7 10 0.63
7 11 0.46
7 12 0.68
7 13 0.93
7 14 0.66
7 15 0.7
7 16 0.67
7 17 0.68
7 18 0.61
7 19 0.34
8 9 0.16
8 10 0.48
8 11 0.5
8 12 0.83
8 13 0.02
8 14 0.24
8 15 0.86
8 16 0.68
8 17 0.77
8 18 0.49
8 19 0.04
9 22 0.87
9 26 0.2
9 10 0.46
9 11 0.08
9 12 0.05
9 13 0.53
9 14 0.69
9 15 0.53
9 16 0.12
9 17 0.33
10 13 0.15
10 36 0.5
10 11 0.21
10 12 0.42
10 14 0.9
10 15 0.5
10 16 0.55
10 17 0.13
10 18 0.78
11 28 0.12
11 12 0.81
11 13 0.14
11 14 0.78
11 15 0.94
11 16 0.81
11 17 0.75
11 18 0.23
12 13 0.65
12 14 0.41
12 15 0.23
12 16 0.6
12 17 0.13
12 18 0.84
12 19 0.57
13 14 0.4
13 15 0.68
13 16 0.43
13 17 0.41
13 18 0.11
13 19 0.61
14 21 0.2
14 32 0.81
14 15 0.07
14 16 0.71
14 17 0.29
15 17 0.26
15 27 0.36
15 16 0.47
15 18 0
16 37 0.65
16 17 0.58
16 18 0.32
16 19 0.4
17 18 0.18
17 19 0.39
17 20 0.05
17 21 0.2
18 19 0
18 20 0.45
18 21 0.48
18 22 0.73
18 23 0.89
19 20 0.49
19 21 0.09
19 22 0.41
19 23 0.69
19 24 0.81
19 25 0.02
19 26 0.67
19 27 0.34
20 23 0.63
20 35 0.52
20 21 0.79
20 22 0.05
20 24 0.48
20 25 0.2
20 26 0.36
20 27 0.93
20 28 0.43
20 29 0.55
20 30 0.26
20 31 0.92
20 32 0.7
20 33 0.95
20 34 0.31
21 22 0.14
21 23 0.19
21 24 0.01
21 25 0.73
21 26 0.16
21 27 0.83
21 28 0.11
21 29 0.51
21 30 0.68
21 31 0.4
21 32 0.8
21 33 0.79
21 34 0.19
21 35 0.66
22 23 0.72
22 24 0.93
22 25 0.58
22 26 0.1
22 27 0.12
22 28 0.27
22 29 0.67
22 30 0.83
22 31 0.03
22 32 0.7
22 33 0.67
22 34 0.03
22 35 0.91
22 36 0.49
23 24 0.23
23 25 0.64
23 26 0.38
23 27 0.82
23 28 0.35
23 29 0.28
23 30 0.29
23 31 0.48
23 32 0.92
23 33 0.97
23 34 0.88
23 35 0.64
23 36 0.09
23 37 0.53
24 25 0.37
24 26 0.67
24 27 0.16
24 28 0.23
24 29 0.81
24 30 0.28
24 31 0.01
24 32 0.68
24 33 0.84
24 34 0.61
24 35 0.54
24 36 0.89
24 37 0.48
25 26 0.43
25 27 0.97
25 28 0.51
25 29 0.1
25 30 0.28
25 31 0.04
25 32 0.98
25 33 0.48
25 34 0.21
25 35 0.28
25 36 0.28
25 37 0.31
26 33 0.93
26 27 0.61
26 28 0.7
26 29 0.66
26 30 0.34
26 31 0.64
26 32 0.17
26 34 0.1
26 35 0.23
26 36 0.54
26 37 0.65
27 28 0.47
27 29 0.01
27 30 0.03
27 31 0.97
27 32 0.81
27 33 0.55
27 34 0.25
27 35 0.15
27 36 0.74
27 37 0.51
28 29 0.82
28 30 0.42
28 31 0.6
28 32 0.87
28 33 0.03
28 34 0.1
28 35 0.46
28 36 0.5
28 37 0.76
28 38 0.36
29 31 0.19
29 30 0.19
29 32 0.48
29 33 0.04
29 34 0.71
29 35 0.23
29 36 0.48
29 37 0.59
29 38 0.74
30 31 0.04
30 32 0.74
30 33 0.25
30 34 0.43
30 35 0.69
30 36 0.49
30 37 0.79
30 38 0.82
31 32 0.3
31 33 0.75
31 34 0.83
31 35 0.72
31 36 0.95
31 37 0.04
31 38 0.38
31 39 0.43
32 33 0.05
32 34 0.64
32 35 0.22
32 36 0.42
32 37 0.68
32 38 0.05
33 34 0.6
33 35 0.47
33 36 0.53
33 37 0.2
33 38 0.66
33 39 0.23
34 35 0.56
34 36 0.59
34 37 0.37
34 38 0.32
35 36 0.64
35 37 0.03
35 38 0.27
35 39 0.27
36 37 0.33
36 38 0.91
36 39 0.76
37 38 0.46
37 39 0.24
38 39 0.43
