50
590
0 1 0.83
0 3 0.39
0 5 0.05
0 20 0.18
0 28 0.65
0 2 0.75
0 4 0.81
0 6 0.6
0 7 0.91
0 8 0.4
0 9 0.03
0 10 0.32
0 11 0.02
0 12 0.34
0 13 0.27
0 14 0.18
0 15 0.66
0 16 0.91
0 17 0.45
0 18 0.35
0 19 0.4
0 21 0.49
0 22 0.49
0 23 0.49
1 2 0.47
1 29 0.21
1 3 0.53
1 4 0.6
1 5 0.16
1 6 0.28
1 7 0.89
1 8 0.77
1 9 0.47
1 10 0.2
1 11 0.41
1 12 0.64
1 13 0.76
1 14 0.32
1 15 0.28
1 16 0.51
1 17 0.87
1 18 0.08
1 19 0.93
1 20 0.56
1 21 0.45
1 22 0.69
1 23 0.49
2 4 0.06
2 3 0.12
2 5 0.54
2 6 0.73
2 7 0.84
2 8 0.9
2 9 0.85
2 10 0.06
2 11 0.18
2 12 0.37
2 13 0.69
2 14 0.14
2 15 0.68
2 16 0.53
2 17 0.7
2 18 0.87
2 19 0.22
2 20 0.2
2 21 0.84
2 22 0.86
2 23 0.37
2 24 0.45
3 24 0.64
3 25 0.27
3 37 0.96
3 46 0.51
3 4 0.46
3 5 0.21
3 6 0.92
3 7 0.09
3 8 0.61
3 9 0.5
3 10 0.44
3 11 0.3
3 12 0.73
3 13 0.83
3 14 0.59
3 15 0.59
3 16 0.03
3 17 0.26
3 18 0.74
3 19 0.79
3 20 0.65
4 8 0.1
4 10 0.56
4 12 0.47
4 15 0.64
4 35 0.27
4 5 0.8
4 6 0.87
4 7 0.2
4 9 0.79
4 11 0.84
4 13 0.39
4 14 0.68
4 16 0.94
4 17 0.48
4 18 0.88
4 19 0.88
4 20 0.07
4 21 0.1
4 22 0.5
4 23 0.28
5 6 0.83
5 7 0.3
5 8 0.28
5 9 0.87
5 10 0.06
5 11 0.29
5 12 0.49
5 13 0.95
5 14 0.77
5 15 0.13
5 16 0.75
5 17 0.97
5 18 0.75
5 19 0.47
5 20 0.69
5 21 0.8
5 22 0.8
5 23 0.13
5 24 0.84
6 7 0.98
6 9 0.17
6 19 0.98
6 21 0.27
6 8 0.08
6 10 0.5
6 11 0.06
6 12 0.88
6 13 0.7
6 14 0.39
6 15 0.38
6 16 0.43
6 17 0.38
6 18 0.37
6 20 0.15
6 22 0.24
6 23 0.47
6 24 0.27
7 13 0.42
7 30 0.48
7 8 0.14
7 9 0.32
7 10 0.47
7 11 0.68
7 12 0.37
7 14 0.52
7 15 0.47
7 16 0.39
7 17 0.76
7 18 0.35
7 19 0.73
7 20 0.77
7 21 0.73
7 22 0.16
7 23 0.72
8 9 0.81
8 10 0.06
8 11 0.12
8 12 0.47
8 13 0.4
8 14 0.25
8 15 0.64
8 16 0.59
8 17 0.15
8 18 0.55
8 19 0.61
8 20 0.7
8 21 0.98
8 22 0.71
8 23 0.57
8 24 0.16
9 11 0.56
9 34 0.12
9 10 0.76
9 12 0.63
9 13 0.25
9 14 0.95
9 15 0.16
9 16 0.04
9 17 0.18
9 18 0.15
9 19 0.43
9 20 0.3
9 21 0.26
9 22 0.07
9 23 0.01
10 14 0.51
10 18 0.16
10 11 0.31
10 12 0.31
10 13 0.03
10 15 0.5
10 16 0.94
10 17 0.65
10 19 0.54
10 20 0.81
10 21 0.73
10 22 0.29
10 23 0.71
10 24 0.76
11 17 0.08
11 12 0.31
11 13 0.44
11 14 0.38
11 15 0.4
11 16 0.7
11 18 0.46
11 19 0.18
11 20 0.71
11 21 0.26
11 22 0.98
11 23 0.76
11 24 0.81
12 16 0.14
12 13 0.14
12 14 0.08
12 15 0.25
12 17 0.43
12 18 0.16
12 19 0.3
12 20 0.1
12 21 0.91
12 22 0.39
12 23 0.93
12 24 0.85
13 22 0.73
13 27 0.8
13 48 0.06
13 14 0.84
13 15 0.32
13 16 0.85
13 17 0.74
13 18 0
13 19 0.57
13 20 0.98
13 21 0.55
14 15 0.62
14 16 0.92
14 17 0.98
14 18 0.56
14 19 0.9
14 20 0.97
14 21 0.01
14 22 0.21
14 23 0.21
14 24 0.32
15 23 0.73
15 16 0.42
15 17 0.74
15 18 0.97
15 19 0.18
15 20 0.64
15 21 0.16
15 22 0.3
15 24 0.52
16 41 0.23
16 17 0.07
16 18 0.36
16 19 0.46
16 20 0.1
16 21 0.47
16 22 0.73
16 23 0.63
17 18 0.26
17 19 0.36
17 20 0.22
17 21 0.45
17 22 0.97
17 23 0.25
17 24 0.71
18 42 0.14
18 19 0.05
18 20 0.13
18 21 0.04
18 22 0.49
18 23 0.06
19 20 0.7
19 21 0.56
19 22 0.12
19 23 0.34
19 24 0.79
20 21 0.75
20 22 0.07
20 23 0.9
20 24 0.71
21 26 0.65
21 22 0.89
21 23 0.08
21 24 0.49
22 23 0.56
22 24 0.17
22 25 0.46
23 24 0.76
23 25 0.06
23 26 0.67
24 33 0.04
24 25 0.82
24 26 0.83
24 27 0.33
24 28 0.73
24 29 0.95
24 30 0.37
24 31 0.18
25 36 0.19
25 45 0.22
25 26 0.38
25 27 0.23
25 28 0.76
25 29 0.44
25 30 0.39
25 31 0.53
25 32 0.74
25 33 0.72
25 34 0.96
25 35 0.13
25 37 0.84
25 38 0.9
25 39 0.53
25 40 0.98
25 41 0.87
25 42 0.18
25 43 0.71
25 44 0.26
26 32 0.03
26 40 0.51
26 27 0.5
26 28 0.81
26 29 0.2
26 30 0.63
26 31 0.4
26 33 0.41
26 34 0.73
26 35 0.25
26 36 0.79
26 37 0.49
26 38 0.13
26 39 0.38
26 41 0.37
26 42 0.55
26 43 0.67
26 44 0.97
26 45 0.45
26 46 0.34
27 31 0.83
27 44 0.92
27 28 0.54
27 29 0.14
27 30 0.25
27 32 0.5
27 33 0.53
27 34 0.02
27 35 0.55
27 36 0.28
27 37 0.67
27 38 0.37
27 39 0.31
27 40 0.9
27 41 0.94
27 42 0.47
27 43 0.18
27 45 0.98
27 46 0.42
27 47 0.38
28 29 0.35
28 30 0.33
28 31 0.17
28 32 0.79
28 33 0.42
28 34 0.6
28 35 0.64
28 36 0.13
28 37 0.33
28 38 0.75
28 39 0.91
28 40 0.91
28 41 0.65
28 42 0.23
28 43 0.59
28 44 0.09
28 45 0.86
28 46 0.42
28 47 0.66
29 30 0.6
29 31 0.49
29 32 0.56
29 33 0.78
29 34 0.44
29 35 0.93
29 36 0.33
29 37 0.42
29 38 0
29 39 0.1
29 40 0.87
29 41 0.18
29 42 0.21
29 43 0.15
29 44 0.26
29 45 0.62
29 46 0.51
29 47 0.84
30 31 0.29
30 32 0.67
30 33 0.56
30 34 0.41
30 35 0.75
30 36 0.33
30 37 0.46
30 38 0.95
30 39 0.76
30 40 0.13
30 41 0.23
30 42 0.31
30 43 0.51
30 44 0.25
30 45 0.53
30 46 0.27
30 47 0.64
31 32 0.41
31 33 0.69
31 34 0.04
31 35 0.18
31 36 0.36
31 37 0.21
31 38 0.63
31 39 0.58
31 40 0.16
31 41 0.23
31 42 0.16
31 43 0.92
31 44 0.25
31 45 0.89
31 46 0.15
31 47 0.47
31 48 0.88
32 38 0.38
32 33 0.21
32 34 0.28
32 35 0.44
32 36 0.7
32 37 0.63
32 39 0.58
32 40 0.31
32 41 0.82
32 42 0.65
32 43 0.2
32 44 0.46
32 45 0.34
32 46 0.12
32 47 0.81
32 48 0.48
32 49 0.17
33 39 0.08
33 34 0.57
33 35 0.26
33 36 0.59
33 37 0.4
33 38 0.81
33 40 0.51
33 41 0.17
33 42 0.93
33 43 0.2
33 44 0.86
33 45 0.37
33 46 0.18
33 47 0.86
33 48 0.79
34 35 0.19
34 36 0
34 37 0.95
34 38 0.85
34 39 0.57
34 40 0.24
34 41 0.2
34 42 0.77
34 43 0.12
34 44 0.91
34 45 0.38
34 46 0.82
34 47 0.31
34 48 0.08
35 36 0.83
35 37 0.72
35 38 0.1
35 39 0.86
35 40 0.35
35 41 0.96
35 42 0.27
35 43 0.12
35 44 0.21
35 45 0.78
35 46 0.49
35 47 0.56
35 48 0.75
36 37 0.81
36 38 0.89
36 39 0.52
36 40 0.77
36 41 0.97
36 42 0.98
36 43 0.94
36 44 0.86
36 45 0.98
36 46 0.62
36 47 0.42
36 48 0.28
36 49 0.34
37 47 0.96
37 38 0.32
37 39 0.1
37 40 0.71
37 41 0.7
37 42 0.87
37 43 0.53
37 44 0.82
37 45 0.35
37 46 0.42
37 48 0.5
38 39 0.75
38 40 0.19
38 41 0.47
38 42 0.25
38 43 0.5
38 44 0.16
38 45 0.74
38 46 0.42
38 47 0.14
38 48 0.21
38 49 0.79
39 43 0.59
39 49 0.03
39 40 0.74
39 41 0.2
39 42 0.87
39 44 0.89
39 45 0.23
39 46 0.25
39 47 0.41
39 48 0.9
40 41 0.17
40 42 0.64
40 43 0.72
40 44 0.97
40 45 0.27
40 46 0.01
40 47 0.27
40 48 0.72
40 49 0.09
41 42 0.5
41 43 0.49
41 44 0.14
41 45 0.47
41 46 0.86
41 47 0.21
41 48 0.81
42 43 0.28
42 44 0.28
42 45 0.22
42 46 0.79
42 47 0.77
42 48 0.66
43 44 0.61
43 45 0.44
43 46 0.72
43 47 0.49
43 48 0.03
43 49 0.42
44 45 0.14
44 46 0.11
44 47 0.14
44 48 0.6
44 49 0.95
45 46 0.61
45 47 0.19
45 48 0.55
45 49 0.18
46 47 0.65
46 48 0.12
46 49 0.81
47 48 0.18
47 49 0.79
48 49 0.18
