30
204
0 1 0.87
0 4 0.01
0 5 0.21
0 10 0.61
0 13 0.06
0 2 0.28
0 3 0.3
0 6 0.37
0 7 0.49
0 8 0.92
0 9 0.44
0 11 0.26
0 12 0.19
0 14 0.28
1 2 0.44
1 3 0.75
1 20 0.14
1 4 0.46
1 5 0.68
1 6 0.83
1 7 0.56
1 8 0.49
1 9 0.97
1 10 0.38
1 11 0.9
1 12 0.63
1 13 0.68
2 6 0.7
2 11 0.08
2 14 0.03
2 3 0.37
2 4 0.68
2 5 0.27
2 7 0.66
2 8 0.18
2 9 0.07
2 10 0.43
2 12 0.37
2 13 0.32
3 7 0.52
3 12 0.31
3 18 0.17
3 19 0.16
3 23 0.14
3 25 0.79
3 4 0.62
3 5 0.4
3 6 0.3
3 8 0.52
3 9 0.29
4 9 0.31
4 22 0.62
4 5 0.47
4 6 0.13
4 7 0.01
4 8 0.58
4 10 0.66
4 11 0.47
4 12 0.61
4 13 0.45
5 6 0.56
5 7 0.78
5 8 0.48
5 9 0.57
5 10 0.22
5 11 0.37
5 12 0.74
5 13 0.54
5 14 0.79
6 17 0.6
6 7 0.42
6 8 0.18
6 9 0.8
6 10 0.93
6 11 0.74
6 12 0.6
6 13 0.19
7 8 0.05
7 9 0.49
7 10 0.03
7 11 0.9
7 12 0.67
7 13 0.01
7 14 0.22
8 9 0.75
8 10 0.13
8 11 0.25
8 12 0.74
8 13 0.37
8 14 0.81
9 10 0.44
9 11 0.57
9 12 0.27
9 13 0.04
9 14 0.18
10 11 0.66
10 12 0.78
10 13 0.53
10 14 0.21
10 15 0.13
11 12 0.92
11 13 0.44
11 14 0.37
11 15 0.63
12 13 0.31
12 14 0.1
13 14 0.91
13 15 0.3
14 15 0.11
14 16 0.24
14 21 0.87
14 17 0.53
15 29 0.63
15 16 0.66
15 17 0.32
15 18 0.48
15 19 0.91
15 20 0.21
15 21 0.63
15 22 0.67
15 23 0.69
15 24 0.49
16 17 0.74
16 18 0.94
16 19 0.62
16 20 0.57
16 21 0.88
16 22 0.77
16 23 0.97
16 24 0.27
16 25 0.76
16 26 0.52
16 27 0.87
16 28 0.21
17 18 0.25
17 19 0.24
17 20 0.14
17 21 0.05
17 22 0.35
17 23 0.3
17 24 0.51
17 25 0.3
17 26 0.39
17 27 0.09
18 27 0.44
18 19 0.26
18 20 0.44
18 21 0.12
18 22 0.54
18 23 0.33
18 24 0.92
18 25 0.19
18 26 0.98
18 28 0.02
19 20 0.39
19 21 0.47
19 22 0.43
19 23 0.98
19 24 0.03
19 25 0.13
19 26 0.76
19 27 0.8
19 28 0.11
20 21 0.2
20 22 0.9
20 23 0.05
20 24 0.32
20 25 0.3
20 26 0.01
20 27 0.38
20 28 0.86
21 22 0.87
21 23 0.32
21 24 0.03
21 25 0.35
21 26 0.18
21 27 0.6
21 28 0.16
22 24 0.69
22 26 0.32
22 23 0.9
22 25 0.19
22 27 0.62
22 28 0.06
23 24 0.43
23 25 0.58
23 26 0.54
23 27 0.8
23 28 0.04
24 25 0.74
24 26 0.16
24 27 0.44
24 28 0.88
24 29 0.69
25 26 0.26
25 27 0.42
25 28 0.19
25 29 0.66
26 27 0.57
26 28 0.36
26 29 0.32
27 28 0.32
27 29 0.58
28 29 0.88
