64
192
0 1 0.41
0 2 0.53
0 4 0.97
0 8 0.67
0 16 0.62
0 32 0.82
1 3 0.54
1 5 0.34
1 9 0.11
1 17 0.62
1 33 0.29
2 3 0.16
2 6 0.61
2 10 0.95
2 18 0.25
2 34 0.62
3 7 0.18
3 11 0.51
3 19 0.41
3 35 0.54
4 5 0.94
4 6 0.07
4 12 0.05
4 20 0.17
4 36 0.95
5 7 0.45
5 13 0.54
5 21 0.87
5 37 0.13
6 7 0.26
6 14 0.93
6 22 0.92
6 38 0.51
7 15 0.11
7 23 0.93
7 39 0.88
8 9 0.38
8 10 0.37
8 12 0.05
8 24 0.91
8 40 0.87
9 11 0.88
9 13 0.11
9 25 0.07
9 41 0.85
10 11 0.4
10 14 0.14
10 26 0.9
10 42 0.1
11 15 0.58
11 27 0.23
11 43 0.45
12 13 0.5
12 14 0.96
12 28 0.57
12 44 0.15
13 15 0.83
13 29 0.27
13 45 0.55
14 15 0.45
14 30 0.71
14 46 0.73
15 31 0.92
15 47 0.55
16 17 0.8
16 18 0.03
16 20 0.6
16 24 0.08
16 48 0.29
17 19 0.57
17 21 0.33
17 25 0.3
17 49 0.29
18 19 0.92
18 22 0.71
18 26 0.35
18 50 0.64
19 23 0.47
19 27 0.3
19 51 0.78
20 21 0.28
20 22 0.24
20 28 0.24
20 52 0.17
21 23 0.31
21 29 0.73
21 53 0.61
22 23 0.12
22 30 0.64
22 54 0.95
23 31 0.11
23 55 0.87
24 25 0.95
24 26 0.98
24 28 0.34
24 56 0.75
25 27 0.97
25 29 0.83
25 57 0.62
26 27 0.09
26 30 0.51
26 58 0.23
27 31 0.65
27 59 0.81
28 29 0.38
28 30 0.95
28 60 0.31
29 31 0.63
29 61 0.31
30 31 0.64
30 62 0.2
31 63 0.43
32 33 0.96
32 34 0.1
32 36 0.86
32 40 0.45
32 48 0.54
33 35 0.1
33 37 0.53
33 41 0.92
33 49 0.26
34 35 0.08
34 38 0.85
34 42 0.74
34 50 0.28
35 39 0.03
35 43 0.38
35 51 0.4
36 37 0.27
36 38 0.91
36 44 0.87
36 52 0.31
37 39 0.98
37 45 0.54
37 53 0.93
38 39 0.87
38 46 0.35
38 54 0.86
39 47 0.6
39 55 0.25
40 41 0.98
40 42 0.23
40 44 0.73
40 56 0.38
41 43 0.19
41 45 0.49
41 57 0.65
42 43 0.17
42 46 0.33
42 58 0.28
43 47 0.7
43 59 0.84
44 45 0.02
44 46 0.21
44 60 0.22
45 47 0.63
45 61 0.26
46 47 0.26
46 62 0.41
47 63 0.52
48 49 0.26
48 50 0.88
48 52 0.61
48 56 0.43
49 51 0.44
49 53 0.11
49 57 0.75
50 51 0.77
50 54 0.91
50 58 0.81
51 55 0.16
51 59 0.08
52 53 0.37
52 54 0.9
52 60 0.48
53 55 0.55
53 61 0.13
54 55 0.94
54 62 0.22
55 63 0.93
56 57 0.32
56 58 0.79
56 60 0.44
57 59 0.55
57 61 0.21
58 59 0.56
58 62 0.07
59 63 0.3
60 61 0.9
60 62 0.56
61 63 0.06
62 63 0.92
