98
2320
0 1 0.51
0 2 0.5
0 3 0.05
0 5 0.01
0 8 0.92
0 9 0.79
0 27 0.36
0 4 0.94
0 6 0.72
0 7 0.41
0 10 0.26
0 11 0.59
0 12 0.94
0 13 0.9
0 14 0.27
0 15 0.27
0 16 0.18
0 17 0.53
0 18 0.2
0 19 0.64
0 20 0.7
0 21 0.52
0 22 0.9
0 23 0.26
0 24 0.1
0 25 0.1
0 26 0.44
0 28 0.25
0 29 0.1
0 30 0.13
0 31 0.14
0 32 0.9
0 33 0.3
0 34 0.17
0 35 0.51
0 36 0.87
0 37 0.57
0 38 0.5
0 39 0.7
0 40 0.48
0 41 0.54
0 42 0.14
0 43 0.62
0 44 0.02
0 45 0.91
0 46 0.57
0 47 0.34
0 48 0.91
1 12 0.03
1 23 0.71
1 25 0.77
1 2 0.74
1 3 0.3
1 4 0.45
1 5 0.3
1 6 0
1 7 0.3
1 8 0.44
1 9 0.61
1 10 0.41
1 11 0.27
1 13 0.29
1 14 0.2
1 15 0.03
1 16 0.74
1 17 0.63
1 18 0.35
1 19 0.23
1 20 0.45
1 21 0.82
1 22 0.31
1 24 0.64
1 26 0.76
1 27 0.36
1 28 0.97
1 29 0.14
1 30 0.51
1 31 0.69
1 32 0.13
1 33 0.82
1 34 0.32
1 35 0.81
1 36 0.83
1 37 0.51
1 38 0.74
1 39 0.5
1 40 0.84
1 41 0.26
1 42 0.04
1 43 0.91
1 44 0.56
1 45 0.84
1 46 0.8
1 47 0.41
1 48 0.88
2 3 0.36
2 4 0.37
2 5 0.29
2 6 0.8
2 7 0.63
2 8 0.9
2 9 0.46
2 10 0.25
2 11 0.31
2 12 0.12
2 13 0.52
2 14 0.03
2 15 0.28
2 16 0.78
2 17 0.98
2 18 0.14
2 19 0.24
2 20 0.47
2 21 0.07
2 22 0.12
2 23 0.71
2 24 0.51
2 25 0.25
2 26 0.47
2 27 0.76
2 28 0.61
2 29 0.44
2 30 0.68
2 31 0.8
2 32 0.46
2 33 0.21
2 34 0.9
2 35 0.32
2 36 0.15
2 37 0.12
2 38 0.26
2 39 0.97
2 40 0.14
2 41 0.89
2 42 0.74
2 43 0.66
2 44 0.54
2 45 0.43
2 46 0.65
2 47 0.24
2 48 0.22
3 4 0.01
3 6 0.1
3 22 0.85
3 38 0.93
3 77 0.58
3 89 0.29
3 5 0.38
3 7 0.05
3 8 0.93
3 9 0.73
3 10 0.93
3 11 0.91
3 12 0.71
3 13 0.22
3 14 0.17
3 15 0.97
3 16 0.96
3 17 0.07
3 18 0.91
3 19 0.23
3 20 0.17
3 21 0.95
3 23 0.41
3 24 0.54
3 25 0.54
3 26 0.55
3 27 0.36
3 28 0.21
3 29 0.77
3 30 0.53
3 31 0.93
3 32 0.06
3 33 0.35
3 34 0.96
3 35 0.58
3 36 0.14
3 37 0.33
3 39 0.75
3 40 0
3 41 0.87
3 42 0.74
3 43 0.14
3 44 0.22
3 45 0.77
3 46 0.18
4 10 0.1
4 5 0.93
4 6 0.65
4 7 0.89
4 8 0.05
4 9 0.33
4 11 0.51
4 12 0.03
4 13 0.05
4 14 0.92
4 15 0.89
4 16 0.38
4 17 0.93
4 18 0.33
4 19 0.08
4 20 0.91
4 21 0.2
4 22 0.59
4 23 0.23
4 24 0.54
4 25 0.36
4 26 0.92
4 27 0.77
4 28 0.3
4 29 0.95
4 30 0.37
4 31 0.21
4 32 0.23
4 33 0.75
4 34 0.41
4 35 0.27
4 36 0.26
4 37 0
4 38 0.64
4 39 0.51
4 40 0.86
4 41 0.38
4 42 0.33
4 43 0.91
4 44 0.62
4 45 0.11
4 46 0.34
4 47 0.58
4 48 0.49
5 16 0.37
5 79 0.61
5 6 0.16
5 7 0.89
5 8 0.93
5 9 0.61
5 10 0.25
5 11 0.52
5 12 0.13
5 13 0.58
5 14 0.24
5 15 0.04
5 17 0.96
5 18 0.04
5 19 0.03
5 20 0.81
5 21 0.7
5 22 0.07
5 23 0.84
5 24 0.63
5 25 0.38
5 26 0.83
5 27 0.82
5 28 0.9
5 29 0.61
5 30 0.94
5 31 0.13
5 32 0.79
5 33 0.33
5 34 0.86
5 35 0.19
5 36 0.88
5 37 0.91
5 38 0.67
5 39 0.57
5 40 0.68
5 41 0.44
5 42 0.88
5 43 0.16
5 44 0.82
5 45 0.97
5 46 0.72
5 47 0.3
6 7 0.6
6 13 0.51
6 21 0.4
6 28 0.17
6 8 0.39
6 9 0.56
6 10 0.39
6 11 0.72
6 12 0.26
6 14 0.37
6 15 0.06
6 16 0.28
6 17 0.8
6 18 0.97
6 19 0.85
6 20 0.9
6 22 0.03
6 23 0.79
6 24 0.04
6 25 0.32
6 26 0.02
6 27 0.07
6 29 0.09
6 30 0.79
6 31 0.57
6 32 0.47
6 33 0.79
6 34 0.18
6 35 0.42
6 36 0.68
6 37 0.92
6 38 0.76
6 39 0
6 40 0.14
6 41 0.49
6 42 0.7
6 43 0.91
6 44 0.23
6 45 0.18
6 46 0.9
6 47 0.86
6 48 0.27
7 34 0.36
7 48 0.19
7 67 0.54
7 8 0.49
7 9 0.94
7 10 0.74
7 11 0.4
7 12 0.14
7 13 0.7
7 14 0.42
7 15 0.41
7 16 0.5
7 17 0.11
7 18 0.1
7 19 0.92
7 20 0.81
7 21 0.26
7 22 0.27
7 23 0.53
7 24 0.52
7 25 0.82
7 26 0.8
7 27 0.68
7 28 0.7
7 29 0.76
7 30 0.46
7 31 0.4
7 32 0.75
7 33 0.87
7 35 0.16
7 36 0.76
7 37 0.05
7 38 0.15
7 39 0.75
7 40 0.6
7 41 0.3
7 42 0.21
7 43 0.8
7 44 0.44
7 45 0.55
7 46 0.95
8 9 0.54
8 10 0.45
8 11 0.57
8 12 0.41
8 13 0.6
8 14 0.61
8 15 0.18
8 16 0.01
8 17 0.51
8 18 0.91
8 19 0.91
8 20 0.83
8 21 0.25
8 22 0.06
8 23 0.19
8 24 0.46
8 25 0.16
8 26 0.52
8 27 0.67
8 28 0.25
8 29 0.55
8 30 0.51
8 31 0.61
8 32 0.23
8 33 0.62
8 34 0.28
8 35 0.47
8 36 0.97
8 37 0.03
8 38 0.09
8 39 0.15
8 40 0.02
8 41 0.15
8 42 0.32
8 43 0.36
8 44 0.45
8 45 0.63
8 46 0.88
8 47 0.46
8 48 0.2
9 11 0.95
9 14 0.01
9 20 0.41
9 95 0.46
9 10 0.86
9 12 0.9
9 13 0.27
9 15 0.94
9 16 0.77
9 17 0.42
9 18 0.27
9 19 0.28
9 21 0.43
9 22 0.28
9 23 0.06
9 24 0.74
9 25 0.33
9 26 0.97
9 27 0.36
9 28 0.09
9 29 0.09
9 30 0.38
9 31 0.71
9 32 0.46
9 33 0.17
9 34 0.18
9 35 0.41
9 36 0.52
9 37 0.37
9 38 0.98
9 39 0.02
9 40 0.79
9 41 0.03
9 42 0.7
9 43 0.69
9 44 0.45
9 45 0.9
9 46 0.54
9 47 0.73
10 73 0.98
10 11 0.72
10 12 0.39
10 13 0.7
10 14 0.56
10 15 0.95
10 16 0.15
10 17 0.9
10 18 0.65
10 19 0.94
10 20 0.4
10 21 0.7
10 22 0.25
10 23 0.58
10 24 0.31
10 25 0.43
10 26 0.11
10 27 0.62
10 28 0.93
10 29 0.33
10 30 0.78
10 31 0.18
10 32 0.22
10 33 0.42
10 34 0.27
10 35 0.63
10 36 0.49
10 37 0.77
10 38 0.6
10 39 0.64
10 40 0.82
10 41 0.43
10 42 0.45
10 43 0.37
10 44 0.81
10 45 0.86
10 46 0.07
10 47 0.43
11 15 0.16
11 18 0.78
11 84 0.89
11 12 0.63
11 13 0.37
11 14 0.28
11 16 0
11 17 0.75
11 19 0.79
11 20 0.05
11 21 0.22
11 22 0.73
11 23 0.24
11 24 0.68
11 25 0.61
11 26 0.18
11 27 0.56
11 28 0.16
11 29 0.64
11 30 0.4
11 31 0.89
11 32 0.58
11 33 0.9
11 34 0.39
11 35 0.15
11 36 0.89
11 37 0.18
11 38 0.56
11 39 0.81
11 40 0.2
11 41 0.95
11 42 0.61
11 43 0.46
11 44 0.2
11 45 0.28
11 46 0.21
11 47 0.19
12 44 0.63
12 13 0.82
12 14 0.41
12 15 0.32
12 16 0.73
12 17 0.16
12 18 0.12
12 19 0.27
12 20 0.17
12 21 0.55
12 22 0.05
12 23 0.46
12 24 0.41
12 25 0
12 26 0.48
12 27 0.1
12 28 0.41
12 29 0.31
12 30 0.53
12 31 0.26
12 32 0.04
12 33 0.14
12 34 0.87
12 35 0.78
12 36 0.6
12 37 0.52
12 38 0.15
12 39 0.92
12 40 0.38
12 41 0.9
12 42 0.41
12 43 0.84
12 45 0.56
12 46 0.31
12 47 0.87
12 48 0.59
13 14 0.58
13 15 0.76
13 16 0.79
13 17 0.92
13 18 0.61
13 19 0.55
13 20 0.41
13 21 0.46
13 22 0.25
13 23 0.03
13 24 0.82
13 25 0.78
13 26 0.9
13 27 0.85
13 28 0.65
13 29 0.02
13 30 0.11
13 31 0.54
13 32 0.81
13 33 0.46
13 34 0.1
13 35 0.26
13 36 0.61
13 37 0.39
13 38 0.01
13 39 0.28
13 40 0.62
13 41 0.24
13 42 0.62
13 43 0.58
13 44 0.39
13 45 0.33
13 46 0.51
13 47 0.33
13 48 0.47
14 24 0.91
14 47 0.97
14 69 0.3
14 15 0.01
14 16 0.1
14 17 0.53
14 18 0.34
14 19 0.5
14 20 0.11
14 21 0.85
14 22 0.75
14 23 0.71
14 25 0.28
14 26 0.98
14 27 0.84
14 28 0.19
14 29 0.49
14 30 0.95
14 31 0.72
14 32 0.44
14 33 0.28
14 34 0.12
14 35 0.89
14 36 0.03
14 37 0.91
14 38 0.83
14 39 0.49
14 40 0.41
14 41 0.98
14 42 0.95
14 43 0.36
14 44 0.45
14 45 0.11
14 46 0.37
15 17 0.4
15 37 0.56
15 70 0.91
15 16 0.17
15 18 0.41
15 19 0.12
15 20 0.61
15 21 0.77
15 22 0.46
15 23 0.11
15 24 0.78
15 25 0.02
15 26 0.54
15 27 0.8
15 28 0.54
15 29 0.26
15 30 0.41
15 31 0.43
15 32 0.34
15 33 0.13
15 34 0.37
15 35 0.64
15 36 0.63
15 38 0.16
15 39 0.09
15 40 0.85
15 41 0.07
15 42 0.78
15 43 0.41
15 44 0.38
15 45 0.89
15 46 0.52
15 47 0.31
16 19 0.2
16 33 0.2
16 36 0.29
16 17 0.17
16 18 0.25
16 20 0.86
16 21 0.7
16 22 0.22
16 23 0.85
16 24 0.94
16 25 0.46
16 26 0.79
16 27 0.83
16 28 0.9
16 29 0.72
16 30 0.27
16 31 0.88
16 32 0.05
16 34 0.17
16 35 0.94
16 37 0.11
16 38 0.58
16 39 0.37
16 40 0.7
16 41 0.05
16 42 0.24
16 43 0.59
16 44 0.38
16 45 0.11
16 46 0.26
16 47 0.49
16 48 0.26
17 31 0.39
17 41 0.65
17 18 0.24
17 19 0.64
17 20 0.1
17 21 0.41
17 22 0.13
17 23 0.51
17 24 0.58
17 25 0.37
17 26 0.41
17 27 0.57
17 28 0.44
17 29 0.68
17 30 0.09
17 32 0.26
17 33 0.96
17 34 0.42
17 35 0.95
17 36 0.26
17 37 0.44
17 38 0.84
17 39 0.74
17 40 0.39
17 42 0.09
17 43 0.12
17 44 0.47
17 45 0.17
17 46 0.96
17 47 0.83
17 48 0.35
18 64 0.63
18 19 0.52
18 20 0.41
18 21 0.68
18 22 0.27
18 23 0.14
18 24 0.88
18 25 0.26
18 26 0.77
18 27 0.45
18 28 0.77
18 29 0.16
18 30 0.17
18 31 0.31
18 32 0.81
18 33 0.85
18 34 0.74
18 35 0.35
18 36 0.08
18 37 0.55
18 38 0.9
18 39 0.71
18 40 0.79
18 41 0.36
18 42 0.68
18 43 0.69
18 44 0.11
18 45 0.11
18 46 0.08
18 47 0.35
19 26 0.17
19 80 0.59
19 20 0.57
19 21 0.84
19 22 0.27
19 23 0.06
19 24 0.48
19 25 0.42
19 27 0.58
19 28 0.94
19 29 0.83
19 30 0.12
19 31 0.28
19 32 0.72
19 33 0.36
19 34 0.76
19 35 0.44
19 36 0.78
19 37 0.85
19 38 0.05
19 39 0.64
19 40 0.65
19 41 0.66
19 42 0.84
19 43 0.2
19 44 0.31
19 45 0.67
19 46 0.54
19 47 0.4
20 21 0.73
20 22 0.91
20 23 0.33
20 24 0.69
20 25 0.04
20 26 0.68
20 27 0.3
20 28 0.39
20 29 0.98
20 30 0.3
20 31 0.37
20 32 0.61
20 33 0.59
20 34 0.62
20 35 0.81
20 36 0.32
20 37 0.31
20 38 0.87
20 39 0.81
20 40 0.11
20 41 0.53
20 42 0.04
20 43 0.46
20 44 0.04
20 45 0.28
20 46 0.63
20 47 0.8
20 48 0.54
21 54 0.75
21 22 0.83
21 23 0.06
21 24 0.24
21 25 0.59
21 26 0.14
21 27 0.21
21 28 0.68
21 29 0.54
21 30 0.63
21 31 0.21
21 32 0.96
21 33 0.58
21 34 0.51
21 35 0.55
21 36 0.91
21 37 0.93
21 38 0.48
21 39 0.6
21 40 0.55
21 41 0.52
21 42 0.28
21 43 0.33
21 44 0.96
21 45 0.84
21 46 0.7
21 47 0.61
22 46 0.86
22 60 0.86
22 83 0.83
22 91 0.82
22 23 0.57
22 24 0.32
22 25 0.77
22 26 0.95
22 27 0.37
22 28 0.84
22 29 0.13
22 30 0.25
22 31 0.33
22 32 0.03
22 33 0.83
22 34 0.24
22 35 0.26
22 36 0.6
22 37 0.49
22 38 0.32
22 39 0.15
22 40 0.78
22 41 0.68
22 42 0.64
22 43 0.27
22 44 0.11
23 24 0.29
23 25 0.56
23 26 0.06
23 27 0.01
23 28 0.24
23 29 0.55
23 30 0.46
23 31 0.22
23 32 0.96
23 33 0.55
23 34 0.07
23 35 0.92
23 36 0.91
23 37 0.52
23 38 0.66
23 39 0.5
23 40 0.28
23 41 0.28
23 42 0.33
23 43 0.64
23 44 0.82
23 45 0.66
23 46 0.34
23 47 0.51
23 48 0.55
24 42 0.83
24 74 0.7
24 25 0.46
24 26 0.97
24 27 0.04
24 28 0.88
24 29 0.03
24 30 0.67
24 31 0.9
24 32 0.23
24 33 0.19
24 34 0.87
24 35 0.19
24 36 0.37
24 37 0.3
24 38 0.09
24 39 0.48
24 40 0.21
24 41 0.54
24 43 0.15
24 44 0
24 45 0.32
24 46 0.18
24 47 0.27
25 76 0.81
25 26 0.81
25 27 0.02
25 28 0.74
25 29 0.85
25 30 0.09
25 31 0.98
25 32 0.11
25 33 0.78
25 34 0.74
25 35 0.1
25 36 0.26
25 37 0.8
25 38 0.53
25 39 0.48
25 40 0.08
25 41 0.96
25 42 0.7
25 43 0.7
25 44 0.34
25 45 0
25 46 0.25
25 47 0.41
26 35 0.6
26 27 0.77
26 28 0.22
26 29 0.46
26 30 0.88
26 31 0.14
26 32 0.28
26 33 0.19
26 34 0.91
26 36 0.35
26 37 0.7
26 38 0.28
26 39 0.72
26 40 0.28
26 41 0.01
26 42 0.68
26 43 0.5
26 44 0.66
26 45 0.58
26 46 0.57
26 47 0.94
26 48 0.65
27 29 0.04
27 30 0.52
27 32 0.48
27 86 0.16
27 28 0.45
27 31 0.21
27 33 0.24
27 34 0.65
27 35 0.55
27 36 0.04
27 37 0.68
27 38 0.03
27 39 0.78
27 40 0.87
27 41 0.92
27 42 0.73
27 43 0.07
27 44 0.67
27 45 0
27 46 0.07
27 47 0.87
28 55 0.11
28 59 0.87
28 29 0.11
28 30 0.43
28 31 0.75
28 32 0.08
28 33 0.22
28 34 0.18
28 35 0.42
28 36 0.73
28 37 0
28 38 0.12
28 39 0.17
28 40 0.01
28 41 0.36
28 42 0.53
28 43 0.23
28 44 0.11
28 45 0.2
28 46 0.62
29 30 0.53
29 31 0.66
29 32 0.89
29 33 0.53
29 34 0.42
29 35 0.52
29 36 0.98
29 37 0.65
29 38 0.95
29 39 0.13
29 40 0.71
29 41 0.3
29 42 0.31
29 43 0.05
29 44 0.74
29 45 0.79
29 46 0.97
29 47 0.68
29 48 0.53
30 40 0.38
30 31 0.37
30 32 0.04
30 33 0.53
30 34 0.95
30 35 0.31
30 36 0.72
30 37 0.4
30 38 0.21
30 39 0
30 41 0.11
30 42 0.27
30 43 0.19
30 44 0.73
30 45 0.09
30 46 0.83
30 47 0.18
30 48 0.93
31 45 0.75
31 51 0.89
31 62 0.61
31 90 0.52
31 32 0.45
31 33 0.67
31 34 0.5
31 35 0.11
31 36 0.71
31 37 0.96
31 38 0.7
31 39 0.46
31 40 0.3
31 41 0.98
31 42 0.33
31 43 0.52
31 44 0.17
32 39 0.8
32 56 0.66
32 65 0.88
32 33 0.92
32 34 0.54
32 35 0.56
32 36 0.8
32 37 0.82
32 38 0.17
32 40 0.65
32 41 0.55
32 42 0.02
32 43 0.34
32 44 0.08
32 45 0.71
32 46 0.86
33 50 0.34
33 34 0.47
33 35 0.97
33 36 0.14
33 37 0.85
33 38 0.86
33 39 0.37
33 40 0.44
33 41 0.54
33 42 0.73
33 43 0.86
33 44 0.22
33 45 0.97
33 46 0.87
33 47 0.02
34 96 0.44
34 35 0.15
34 36 0.68
34 37 0.81
34 38 0.12
34 39 0.74
34 40 0.86
34 41 0.31
34 42 0.76
34 43 0.79
34 44 0.7
34 45 0.95
34 46 0.91
34 47 0.5
35 43 0.49
35 36 0.84
35 37 0.75
35 38 0.68
35 39 0.67
35 40 0.89
35 41 0.64
35 42 0.42
35 44 0.38
35 45 0.69
35 46 0.63
35 47 0.46
35 48 0.37
36 37 0.81
36 38 0.94
36 39 0.29
36 40 0.35
36 41 0.47
36 42 0.18
36 43 0.45
36 44 0.92
36 45 0.77
36 46 0.53
36 47 0.4
36 48 0.59
37 38 0.18
37 39 0.9
37 40 0.74
37 41 0.12
37 42 0.87
37 43 0.87
37 44 0.87
37 45 0.92
37 46 0.86
37 47 0.54
37 48 0.15
38 39 0.17
38 40 0.54
38 41 0.05
38 42 0.79
38 43 0.87
38 44 0.79
38 45 0.75
38 46 0
38 47 0.36
38 48 0.96
39 85 0.79
39 93 0.97
39 40 0.09
39 41 0.98
39 42 0.42
39 43 0.12
39 44 0.46
39 45 0.12
39 46 0.48
40 92 0.1
40 41 0.7
40 42 0.76
40 43 0.58
40 44 0.43
40 45 0.54
40 46 0.1
40 47 0.75
41 49 0.67
41 42 0.61
41 43 0.11
41 44 0.05
41 45 0.92
41 46 0.86
41 47 0.36
42 43 0.69
42 44 0.89
42 45 0.69
42 46 0.53
42 47 0.32
42 48 0.55
43 52 0.77
43 44 0.38
43 45 0.68
43 46 0.48
43 47 0.17
44 78 0.44
44 45 0.29
44 46 0.55
44 47 0.78
45 57 0.3
45 72 0.76
45 46 0.02
45 47 0.89
46 61 0.78
46 47 0.74
46 48 0.94
47 48 0.25
47 49 0.06
47 50 0.19
47 51 0.39
47 52 0.75
47 53 0.91
47 54 0.63
47 55 0.38
48 49 0.79
48 50 0.58
48 51 0.56
48 52 0.22
48 53 0.9
48 54 0.44
48 55 0.87
48 56 0.17
48 57 0.89
48 58 0.49
48 59 0.04
48 60 0.71
48 61 0.15
48 62 0.84
48 63 0.39
48 64 0.4
48 65 0.03
48 66 0.75
48 67 0.38
48 68 0.7
48 69 0.2
48 70 0.83
48 71 0.35
48 72 0.56
48 73 0.16
49 53 0.92
49 94 0.1
49 50 0.68
49 51 0.81
49 52 0.72
49 54 0.97
49 55 0.96
49 56 0.87
49 57 0.22
49 58 0.26
49 59 0.57
49 60 0.96
49 61 0.47
49 62 0.36
49 63 0.56
49 64 0.45
49 65 0.57
49 66 0.63
49 67 0.38
49 68 0.02
49 69 0.94
49 70 0.81
49 71 0.31
49 72 0.94
49 73 0.94
49 74 0.88
49 75 0.6
49 76 0.03
49 77 0.81
49 78 0.63
49 79 0.06
49 80 0.41
49 81 0.19
49 82 0.45
49 83 0.95
49 84 0.95
49 85 0.87
49 86 0.41
49 87 0.2
49 88 0.31
49 89 0.38
49 90 0.07
49 91 0.51
49 92 0.57
49 93 0.89
50 66 0.95
50 51 0.77
50 52 0.89
50 53 0.31
50 54 0.87
50 55 0.68
50 56 0.35
50 57 0.75
50 58 0.76
50 59 0.31
50 60 0.91
50 61 0
50 62 0.31
50 63 0.27
50 64 0.59
50 65 0.92
50 67 0.09
50 68 0.64
50 69 0.79
50 70 0.71
50 71 0.43
50 72 0.51
50 73 0.2
50 74 0.11
50 75 0.76
50 76 0.14
50 77 0.15
50 78 0.88
50 79 0.55
50 80 0.81
50 81 0.06
50 82 0.31
50 83 0.75
50 84 0.72
50 85 0.51
50 86 0.83
50 87 0.14
50 88 0.09
50 89 0.17
50 90 0.08
50 91 0.41
50 92 0.22
50 93 0.92
50 94 0.34
51 52 0.73
51 53 0.64
51 54 0.27
51 55 0.53
51 56 0.23
51 57 0.5
51 58 0.37
51 59 0.81
51 60 0.53
51 61 0.35
51 62 0.01
51 63 0.91
51 64 0.58
51 65 0.92
51 66 0.88
51 67 0.38
51 68 0.29
51 69 0.32
51 70 0.57
51 71 0.43
51 72 0.65
51 73 0.19
51 74 0.71
51 75 0.8
51 76 0.96
51 77 0.42
51 78 0.92
51 79 0.3
51 80 0.34
51 81 0.85
51 82 0.52
51 83 0.14
51 84 0.21
51 85 0.35
51 86 0.07
51 87 0.52
51 88 0.66
51 89 0.94
51 90 0.89
51 91 0.59
51 92 0.48
51 93 0.28
51 94 0.73
52 75 0.9
52 53 0.66
52 54 0.39
52 55 0.93
52 56 0.44
52 57 0.23
52 58 0.51
52 59 0.53
52 60 0.79
52 61 0.63
52 62 0.07
52 63 0
52 64 0.75
52 65 0.42
52 66 0.31
52 67 0.38
52 68 0.21
52 69 0.43
52 70 0.91
52 71 0.9
52 72 0.35
52 73 0.76
52 74 0.65
52 76 0.24
52 77 0.76
52 78 0.68
52 79 0.67
52 80 0.29
52 81 0.69
52 82 0.23
52 83 0.42
52 84 0.74
52 85 0.71
52 86 0.48
52 87 0.19
52 88 0.42
52 89 0.16
52 90 0.74
52 91 0.75
52 92 0.46
52 93 0.49
52 94 0.32
53 63 0.56
53 54 0.46
53 55 0.24
53 56 0.86
53 57 0.7
53 58 0.43
53 59 0.59
53 60 0.34
53 61 0.18
53 62 0.59
53 64 0.55
53 65 0.83
53 66 0.64
53 67 0.33
53 68 0.4
53 69 0.21
53 70 0.13
53 71 0.6
53 72 0.38
53 73 0.2
53 74 0.19
53 75 0.41
53 76 0.16
53 77 0.18
53 78 0.53
53 79 0.06
53 80 0.58
53 81 0.87
53 82 0.41
53 83 0.01
53 84 0.76
53 85 0.83
53 86 0.01
53 87 0.47
53 88 0.36
53 89 0.89
53 90 0.2
53 91 0.39
53 92 0.33
53 93 0.03
53 94 0.65
53 95 0.46
54 55 0.77
54 56 0.89
54 57 0.67
54 58 0.64
54 59 0.48
54 60 0.2
54 61 0.29
54 62 0.97
54 63 0.45
54 64 0.79
54 65 0.71
54 66 0.06
54 67 0.39
54 68 0.73
54 69 0.71
54 70 0.04
54 71 0.92
54 72 0.28
54 73 0.83
54 74 0.13
54 75 0.54
54 76 0.34
54 77 0.55
54 78 0.41
54 79 0.72
54 80 0.5
54 81 0.42
54 82 0.96
54 83 0.71
54 84 0.25
54 85 0.16
54 86 0.76
54 87 0.56
54 88 0.91
54 89 0.5
54 90 0.68
54 91 0.05
54 92 0.57
54 93 0.67
54 94 0.3
55 56 0.19
55 57 0.41
55 58 0.73
55 59 0.79
55 60 0.02
55 61 0.03
55 62 0.95
55 63 0.89
55 64 0.54
55 65 0.77
55 66 0.36
55 67 0.67
55 68 0.42
55 69 0.91
55 70 0.15
55 71 0.08
55 72 0.65
55 73 0.62
55 74 0.69
55 75 0.8
55 76 0.23
55 77 0.03
55 78 0.82
55 79 0.24
55 80 0.91
55 81 0.66
55 82 0.79
55 83 0.44
55 84 0.49
55 85 0.8
55 86 0.78
55 87 0.56
55 88 0.96
55 89 0.34
55 90 0.42
55 91 0.07
55 92 0.35
55 93 0.8
55 94 0.38
56 57 0.82
56 58 0.63
56 59 0.09
56 60 0.69
56 61 0.7
56 62 0.67
56 63 0.73
56 64 0.09
56 65 0.67
56 66 0.58
56 67 0.69
56 68 0.12
56 69 0.09
56 70 0.3
56 71 0.36
56 72 0.36
56 73 0.31
56 74 0.86
56 75 0.94
56 76 0.9
56 77 0.36
56 78 0.62
56 79 0.55
56 80 0.5
56 81 0.53
56 82 0.94
56 83 0.95
56 84 0.42
56 85 0.34
56 86 0.57
56 87 0.56
56 88 0.32
56 89 0.11
56 90 0.3
56 91 0.06
56 92 0.22
56 93 0.7
56 94 0.27
56 95 0.56
57 58 0.75
57 59 0.18
57 60 0.32
57 61 0.52
57 62 0.34
57 63 0.07
57 64 0.5
57 65 0.21
57 66 0.11
57 67 0.88
57 68 0.06
57 69 0.8
57 70 0.02
57 71 0.66
57 72 0.1
57 73 0.52
57 74 0.17
57 75 0.62
57 76 0.33
57 77 0.84
57 78 0.01
57 79 0.04
57 80 0.17
57 81 0.36
57 82 0.76
57 83 0.8
57 84 0.87
57 85 0.76
57 86 0.3
57 87 0.95
57 88 0.03
57 89 0.91
57 90 0.9
57 91 0.71
57 92 0.11
57 93 0.32
57 94 0.45
57 95 0.44
58 71 0.66
58 59 0.82
58 60 0.81
58 61 0.32
58 62 0.84
58 63 0.1
58 64 0.27
58 65 0.43
58 66 0.23
58 67 0.66
58 68 0.35
58 69 0.41
58 70 0.97
58 72 0.06
58 73 0.7
58 74 0.17
58 75 0.39
58 76 0.95
58 77 0.96
58 78 0.26
58 79 0.72
58 80 0.77
58 81 0.22
58 82 0.71
58 83 0.21
58 84 0.9
58 85 0.44
58 86 0.03
58 87 0.95
58 88 0.95
58 89 0.49
58 90 0.93
58 91 0.01
58 92 0.26
58 93 0.58
58 94 0.66
58 95 0.89
58 96 0.44
59 60 0.65
59 61 0.03
59 62 0.14
59 63 0.84
59 64 0.89
59 65 0.84
59 66 0.43
59 67 0.73
59 68 0.98
59 69 0.04
59 70 0.04
59 71 0.25
59 72 0.63
59 73 0.98
59 74 0.12
59 75 0.69
59 76 0.96
59 77 0.69
59 78 0.74
59 79 0.93
59 80 0.75
59 81 0.21
59 82 0.25
59 83 0.11
59 84 0.76
59 85 0.39
59 86 0.23
59 87 0.43
59 88 0.49
59 89 0.47
59 90 0.16
59 91 0.45
59 92 0.07
59 93 0.33
59 94 0.96
59 95 0.07
60 61 0.9
60 62 0.07
60 63 0.68
60 64 0.91
60 65 0.2
60 66 0.28
60 67 0.44
60 68 0.73
60 69 0.86
60 70 0.96
60 71 0.24
60 72 0.07
60 73 0.14
60 74 0.95
60 75 0.57
60 76 0.76
60 77 0.89
60 78 0.14
60 79 0.75
60 80 0.59
60 81 0.47
60 82 0.9
60 83 0.94
60 84 0.67
60 85 0.96
60 86 0.19
60 87 0.27
60 88 0.29
60 89 0.06
60 90 0.67
60 91 0.64
60 92 0.26
60 93 0.36
60 94 0.92
60 95 0.8
61 62 0.86
61 63 0.82
61 64 0.65
61 65 0.13
61 66 0
61 67 0.5
61 68 0.23
61 69 0.01
61 70 0.16
61 71 0.88
61 72 0.66
61 73 0.5
61 74 0.91
61 75 0.84
61 76 0.07
61 77 0.24
61 78 0.05
61 79 0.63
61 80 0.56
61 81 0.07
61 82 0.03
61 83 0.26
61 84 0.18
61 85 0.11
61 86 0.2
61 87 0.97
61 88 0.9
61 89 0.59
61 90 0.77
61 91 0.05
61 92 0.8
61 93 0.39
61 94 0.48
61 95 0.61
62 63 0.9
62 64 0.37
62 65 0.02
62 66 0.74
62 67 0.71
62 68 0.5
62 69 0.08
62 70 0.88
62 71 0.15
62 72 0.24
62 73 0.26
62 74 0.97
62 75 0.88
62 76 0.13
62 77 0.48
62 78 0.73
62 79 0.81
62 80 0.2
62 81 0.32
62 82 0.2
62 83 0.11
62 84 0.45
62 85 0.64
62 86 0.56
62 87 0.26
62 88 0.67
62 89 0.69
62 90 0.86
62 91 0.32
62 92 0.74
62 93 0.43
62 94 0.8
62 95 0.84
63 68 0.54
63 64 0.52
63 65 0.53
63 66 0.61
63 67 0.52
63 69 0.48
63 70 0.66
63 71 0.65
63 72 0.18
63 73 0.19
63 74 0.8
63 75 0.42
63 76 0.57
63 77 0.47
63 78 0.03
63 79 0.83
63 80 0.7
63 81 0.6
63 82 0.98
63 83 0.33
63 84 0.98
63 85 0.89
63 86 0.39
63 87 0.15
63 88 0.05
63 89 0.88
63 90 0.06
63 91 0.07
63 92 0.01
63 93 0.16
63 94 0.63
63 95 0.39
63 96 0.96
64 65 0.81
64 66 0.13
64 67 0.67
64 68 0.58
64 69 0.83
64 70 0.97
64 71 0.59
64 72 0.72
64 73 0.61
64 74 0.92
64 75 0.18
64 76 0.1
64 77 0.78
64 78 0.3
64 79 0.1
64 80 0.31
64 81 0.32
64 82 0.4
64 83 0.24
64 84 0.55
64 85 0.21
64 86 0.77
64 87 0.96
64 88 0.49
64 89 0.92
64 90 0.26
64 91 0.68
64 92 0.69
64 93 0.88
64 94 0.85
64 95 0.07
65 66 0.47
65 67 0.09
65 68 0.85
65 69 0.54
65 70 0.22
65 71 0.35
65 72 0.92
65 73 0.34
65 74 0.1
65 75 0.09
65 76 0.13
65 77 0.18
65 78 0.15
65 79 0.16
65 80 0.04
65 81 0.3
65 82 0.53
65 83 0.21
65 84 0.2
65 85 0.26
65 86 0.23
65 87 0.56
65 88 0.08
65 89 0.69
65 90 0.86
65 91 0.41
65 92 0.61
65 93 0.87
65 94 0.73
65 95 0.9
66 67 0.44
66 68 0.84
66 69 0.25
66 70 0.05
66 71 0.48
66 72 0.46
66 73 0.84
66 74 0.66
66 75 0.94
66 76 0.59
66 77 0.57
66 78 0.12
66 79 0.92
66 80 0.89
66 81 0.14
66 82 0.47
66 83 0.17
66 84 0.92
66 85 0.92
66 86 0.2
66 87 0.02
66 88 0.81
66 89 0.51
66 90 0.81
66 91 0.45
66 92 0.47
66 93 0.27
66 94 0.63
66 95 0.74
66 96 0.92
67 68 0.61
67 69 0.46
67 70 0.51
67 71 0.7
67 72 0.36
67 73 0.54
67 74 0.43
67 75 0.22
67 76 0.6
67 77 0.3
67 78 0.81
67 79 0.66
67 80 0.1
67 81 0.88
67 82 0.68
67 83 0.86
67 84 0.88
67 85 0.61
67 86 0.98
67 87 0.84
67 88 0.94
67 89 0.26
67 90 0.08
67 91 0.18
67 92 0.24
67 93 0.5
67 94 0.61
67 95 0.17
68 87 0.36
68 69 0.46
68 70 0.58
68 71 0.89
68 72 0.17
68 73 0.39
68 74 0.15
68 75 0.49
68 76 0.64
68 77 0.14
68 78 0.55
68 79 0.76
68 80 0.11
68 81 0.7
68 82 0.68
68 83 0.91
68 84 0.96
68 85 0.31
68 86 0.94
68 88 0.22
68 89 0.72
68 90 0.29
68 91 0.87
68 92 0.23
68 93 0.33
68 94 0.64
68 95 0.08
68 96 0.48
69 70 0.18
69 71 0.79
69 72 0.39
69 73 0.28
69 74 0.75
69 75 0.74
69 76 0.7
69 77 0.02
69 78 0.05
69 79 0.05
69 80 0.27
69 81 0
69 82 0.92
69 83 0.22
69 84 0.54
69 85 0.23
69 86 0.05
69 87 0.8
69 88 0.84
69 89 0.24
69 90 0.55
69 91 0.62
69 92 0.55
69 93 0.25
69 94 0.5
69 95 0.88
70 71 0.26
70 72 0.37
70 73 0.12
70 74 0.09
70 75 0.45
70 76 0.24
70 77 0.58
70 78 0.93
70 79 0
70 80 0.34
70 81 0.37
70 82 0.6
70 83 0
70 84 0.74
70 85 0.39
70 86 0.51
70 87 0.52
70 88 0.11
70 89 0.67
70 90 0.94
70 91 0.93
70 92 0.86
70 93 0.77
70 94 0.33
70 95 0.32
71 72 0.32
71 73 0.39
71 74 0.28
71 75 0.21
71 76 0.29
71 77 0.09
71 78 0.17
71 79 0.42
71 80 0.04
71 81 0.93
71 82 0.79
71 83 0.51
71 84 0.23
71 85 0.73
71 86 0
71 87 0.88
71 88 0.44
71 89 0.85
71 90 0.82
71 91 0.64
71 92 0.32
71 93 0.23
71 94 0.26
71 95 0.71
71 96 0.86
72 73 0.23
72 74 0.05
72 75 0.4
72 76 0.27
72 77 0.48
72 78 0.11
72 79 0.83
72 80 0.31
72 81 0.69
72 82 0.22
72 83 0.02
72 84 0.9
72 85 0.55
72 86 0.62
72 87 0.93
72 88 0.36
72 89 0.65
72 90 0.71
72 91 0.46
72 92 0.55
72 93 0.44
72 94 0.09
72 95 0.45
73 74 0.83
73 75 0.81
73 76 0.72
73 77 0.39
73 78 0.71
73 79 0.73
73 80 0.42
73 81 0.41
73 82 0.07
73 83 0.49
73 84 0.78
73 85 0.32
73 86 0.62
73 87 0.18
73 88 0.08
73 89 0.25
73 90 0.75
73 91 0.88
73 92 0.88
73 93 0.43
73 94 0.31
73 95 0.05
74 75 0.74
74 76 0.18
74 77 0.65
74 78 0.58
74 79 0.21
74 80 0.12
74 81 0.23
74 82 0.38
74 83 0.12
74 84 0.7
74 85 0.81
74 86 0.7
74 87 0.45
74 88 0.36
74 89 0.54
74 90 0.63
74 91 0.94
74 92 0.18
74 93 0.73
74 94 0.74
74 95 0.76
74 96 0.66
75 81 0.25
75 76 0.97
75 77 0.93
75 78 0.79
75 79 0.45
75 80 0.03
75 82 0.79
75 83 0.51
75 84 0.16
75 85 0.47
75 86 0.26
75 87 0.7
75 88 0.52
75 89 0.45
75 90 0.45
75 91 0.64
75 92 0.61
75 93 0.17
75 94 0.24
75 95 0.79
75 96 0.17
75 97 0.46
76 82 0.51
76 77 0.88
76 78 0.02
76 79 0.98
76 80 0.96
76 81 0.62
76 83 0.37
76 84 0.42
76 85 0.17
76 86 0.05
76 87 0.78
76 88 0.73
76 89 0.09
76 90 0.84
76 91 0.43
76 92 0.71
76 93 0.63
76 94 0.51
76 95 0.51
76 96 0.56
77 78 0.57
77 79 0.2
77 80 0.25
77 81 0.34
77 82 0.83
77 83 0.07
77 84 0.71
77 85 0.6
77 86 0.33
77 87 0.97
77 88 0.2
77 89 0.46
77 90 0.16
77 91 0.09
77 92 0.22
77 93 0.61
77 94 0.09
77 95 0.38
77 96 0.71
78 79 0.59
78 80 0.43
78 81 0.89
78 82 0.05
78 83 0.22
78 84 0.73
78 85 0.63
78 86 0.44
78 87 0.6
78 88 0.46
78 89 0.91
78 90 0.76
78 91 0.3
78 92 0.88
78 93 0.81
78 94 0.83
78 95 0.14
78 96 0.03
79 80 0.81
79 81 0.68
79 82 0.12
79 83 0.01
79 84 0.19
79 85 0.37
79 86 0.38
79 87 0.95
79 88 0.01
79 89 0.27
79 90 0.45
79 91 0.94
79 92 0.23
79 93 0.89
79 94 0.12
79 95 0.91
79 96 0.4
80 81 0.6
80 82 0.68
80 83 0.81
80 84 0.15
80 85 0.87
80 86 0.23
80 87 0
80 88 0.16
80 89 0.81
80 90 0.58
80 91 0.15
80 92 0.18
80 93 0.42
80 94 0.41
80 95 0.53
80 96 0.61
81 82 0.93
81 83 0.27
81 84 0.02
81 85 0.14
81 86 0.2
81 87 0.42
81 88 0.06
81 89 0.31
81 90 0.13
81 91 0.25
81 92 0.93
81 93 0.95
81 94 0.29
81 95 0.54
81 96 0.26
81 97 0.7
82 83 0.55
82 84 0.19
82 85 0.53
82 86 0.64
82 87 0.73
82 88 0.98
82 89 0.66
82 90 0.8
82 91 0.08
82 92 0.05
82 93 0.41
82 94 0.2
82 95 0.79
82 96 0.77
82 97 0.97
83 97 0.55
83 84 0.62
83 85 0.81
83 86 0.04
83 87 0.55
83 88 0.34
83 89 0.61
83 90 0.53
83 91 0.18
83 92 0.52
83 93 0.51
83 94 0.52
83 95 0.95
84 88 0.26
84 85 0.93
84 86 0.74
84 87 0.65
84 89 0.9
84 90 0.63
84 91 0.56
84 92 0.81
84 93 0.48
84 94 0.16
84 95 0.57
84 96 0.07
85 86 0.05
85 87 0.12
85 88 0.44
85 89 0.71
85 90 0.11
85 91 0.74
85 92 0.4
85 93 0.23
85 94 0.57
85 95 0.93
85 96 0.44
86 87 0.81
86 88 0.5
86 89 0.7
86 90 0.47
86 91 0.06
86 92 0.33
86 93 0.8
86 94 0.89
86 95 0.44
86 96 0.81
87 88 0.93
87 89 0.4
87 90 0.37
87 91 0.77
87 92 0.97
87 93 0.33
87 94 0.97
87 95 0.75
87 96 0.44
87 97 0.35
88 89 0.66
88 90 0.55
88 91 0.69
88 92 0.04
88 93 0.41
88 94 0.39
88 95 0.03
88 96 0.33
88 97 0.32
89 90 0.8
89 91 0.24
89 92 0.48
89 93 0.71
89 94 0.74
89 95 0.4
89 96 0.91
90 91 0.35
90 92 0.21
90 93 0.9
90 94 0.21
90 95 0.88
90 96 0.15
91 92 0.32
91 93 0.05
91 94 0.57
91 95 0.67
91 96 0.5
92 93 0.01
92 94 0.39
92 95 0.3
92 96 0.73
93 94 0.73
93 95 0.85
93 96 0.75
94 95 0.04
94 96 0.75
94 97 0.39
95 96 0.26
95 97 0.77
96 97 0.9
