20
87
0 1 0.32
0 3 0.73
0 4 0.96
0 2 0.47
0 5 0.06
0 6 0.6
0 7 0.64
0 8 0.13
0 9 0.57
1 2 0.45
1 7 0.41
1 10 0.9
1 13 0.08
1 16 0.55
1 17 0.53
1 3 0.97
1 4 0.98
2 6 0.48
2 8 0.44
2 3 0.48
2 4 0.59
2 5 0.48
2 7 0.01
2 9 0.32
3 5 0.52
3 9 0.16
3 4 0.52
3 6 0.37
3 7 0.72
3 8 0.08
4 11 0.35
4 5 0.59
4 6 0.91
4 7 0.67
4 8 0.38
5 6 0.9
5 7 0.37
5 8 0.5
5 9 0.52
5 10 0.71
6 15 0.39
6 7 0.59
6 8 0
6 9 0.19
7 8 0.35
7 9 0.68
8 12 0.2
8 9 0.17
9 18 0.3
9 10 0.02
10 11 0.98
10 12 0.08
10 13 0.72
10 14 0.39
10 15 0
10 16 0.51
11 14 0.96
11 12 0.18
11 13 0.95
11 15 0.59
11 16 0.22
11 17 0.02
11 18 0.36
12 13 0.96
12 14 0.72
12 15 0.98
12 16 0.12
12 17 0.81
12 18 0.37
13 14 0.91
13 15 0.73
13 16 0.94
13 17 0.77
13 18 0.05
14 15 0.95
14 16 0.31
14 17 0.12
14 18 0.47
14 19 0.44
15 16 0.44
15 17 0.19
15 18 0.12
16 19 0.86
16 17 0.22
17 18 0.07
17 19 0.51
18 19 0.17
